2 0 0.849219 0.243056 0.0380208 0.0287037
2 1 0.709375 0.231944 0.0354167 0.0268519
2 2 0.792708 0.272222 0.03125 0.0277778
2 3 0.703125 0.266204 0.0364583 0.0305556
2 4 0.861979 0.278241 0.0333333 0.0305556
2 5 0.925 0.217593 0.0291667 0.0259259
2 6 0.791146 0.299537 0.0364583 0.0287037
2 7 0.594271 0.223148 0.034375 0.0277778
2 8 0.461979 0.248148 0.034375 0.0296296
2 9 0.327344 0.2 0.0348958 0.0314815
2 10 0.35651 0.272222 0.0276042 0.0296296
2 11 0.439844 0.277778 0.0328125 0.0277778
2 12 0.185417 0.200463 0.0364583 0.0342593
2 13 0.371094 0.0842593 0.0192708 0.0555556
2 14 0.386198 0.0407407 0.0161458 0.0537037
2 15 0.367188 0.0287037 0.0177083 0.0407407
2 18 0.123177 0.453704 0.0296875 0.0259259
2 19 0.164583 0.419907 0.034375 0.0287037
2 20 0.205729 0.480093 0.0333333 0.0305556
2 21 0.256771 0.520833 0.0354167 0.0342593
2 22 0.296875 0.233333 0.0364583 0.0314815
2 23 0.177083 0.262037 0.03125 0.0296296
2 24 0.484375 0.506481 0.0354167 0.0333333
2 25 0.53724 0.480556 0.0338542 0.0333333
2 26 0.59974 0.459259 0.0307292 0.0296296
2 27 0.753125 0.465278 0.0322917 0.0305556
2 28 0.763542 0.543519 0.0364583 0.0296296
2 29 0.858594 0.505556 0.0296875 0.0277778
2 30 0.908073 0.481481 0.0234375 0.0259259
2 31 0.141667 0.821759 0.0208333 0.0564815
2 32 0.216927 0.596296 0.0328125 0.0314815
5 0 0.953385 0.441204 0.0442708 0.0416667
5 1 0.588281 0.419907 0.0682292 0.0416667
5 2 0.370833 0.668981 0.0291667 0.106481
7 0 0.89375 0.311574 0.040625 0.0287037
7 1 0.606771 0.286111 0.0354167 0.0314815
2 33 0.0544271 0.412037 0.0348958 0.0333333
2 34 0.0184896 0.470833 0.0317708 0.0287037
2 40 0.26224 0.602778 0.0307292 0.0296296
