2 0 0.870052 0.240741 0.0380208 0.0277778
2 1 0.729948 0.229167 0.0359375 0.0268519
2 2 0.813281 0.268519 0.0307292 0.0277778
2 3 0.722917 0.2625 0.0364583 0.0305556
2 4 0.886198 0.275 0.0338542 0.0296296
2 5 0.942969 0.214352 0.0276042 0.0268519
2 6 0.810156 0.295833 0.0369792 0.0287037
2 7 0.615104 0.218519 0.034375 0.0277778
2 8 0.480469 0.244444 0.0348958 0.0296296
2 9 0.348698 0.198148 0.0348958 0.0314815
2 10 0.375781 0.268056 0.0276042 0.0305556
2 11 0.460156 0.274537 0.0328125 0.0268519
2 12 0.208594 0.196759 0.0359375 0.0342593
2 13 0.370833 0.0810185 0.0197917 0.0564815
2 14 0.385677 0.0365741 0.0161458 0.0527778
2 15 0.366927 0.0259259 0.0171875 0.037037
2 18 0.0950521 0.444907 0.0296875 0.0268519
2 19 0.136979 0.4125 0.034375 0.0287037
2 20 0.175521 0.473611 0.0333333 0.0305556
2 21 0.240885 0.514815 0.0359375 0.0333333
2 22 0.316406 0.231481 0.0359375 0.0314815
2 23 0.198958 0.258333 0.03125 0.0296296
2 24 0.459375 0.5 0.0354167 0.0333333
2 25 0.507292 0.472222 0.034375 0.0333333
2 26 0.572396 0.452315 0.03125 0.0287037
2 27 0.72526 0.458333 0.0317708 0.0314815
2 28 0.733594 0.535648 0.0369792 0.0305556
2 29 0.827344 0.499074 0.0307292 0.0277778
2 30 0.881771 0.475463 0.0239583 0.0268519
2 31 0.141406 0.818056 0.0203125 0.0564815
2 32 0.216667 0.592593 0.0322917 0.0314815
5 0 0.934635 0.4375 0.0536458 0.0416667
5 1 0.567708 0.414352 0.0677083 0.0416667
5 2 0.370573 0.665278 0.0286458 0.106481
7 0 0.9125 0.308796 0.040625 0.0287037
7 1 0.627865 0.282407 0.0359375 0.0314815
2 33 0.0263021 0.40787 0.0348958 0.0342593
2 40 0.261979 0.599074 0.0302083 0.0296296
