2 0 0.75026 0.249537 0.0359375 0.0287037
2 1 0.603125 0.237037 0.0333333 0.0277778
2 2 0.692969 0.277315 0.0328125 0.0287037
2 3 0.604948 0.271759 0.0359375 0.0305556
2 4 0.759896 0.286111 0.0322917 0.0314815
2 5 0.833073 0.226389 0.0359375 0.025
2 6 0.697656 0.308796 0.0348958 0.0287037
2 7 0.492969 0.229167 0.0338542 0.0287037
2 8 0.367708 0.255093 0.0322917 0.0305556
2 9 0.21901 0.209259 0.0369792 0.0296296
2 10 0.254687 0.28287 0.028125 0.0287037
2 11 0.339583 0.286111 0.0322917 0.0314815
2 12 0.0677083 0.202778 0.0385417 0.0296296
2 13 0.372396 0.101852 0.01875 0.0537037
2 14 0.38776 0.0578704 0.0161458 0.0546296
2 15 0.369531 0.0430556 0.0203125 0.0546296
2 18 0.264062 0.489815 0.0302083 0.0240741
2 19 0.304948 0.443056 0.0369792 0.0287037
2 20 0.372656 0.496296 0.0328125 0.0314815
2 21 0.317969 0.554167 0.0328125 0.0416667
2 22 0.198177 0.24213 0.0380208 0.0305556
2 23 0.0703125 0.27037 0.0322917 0.0314815
2 24 0.607813 0.530093 0.034375 0.0324074
2 25 0.684115 0.506944 0.0317708 0.0324074
2 26 0.738542 0.486111 0.0302083 0.0296296
2 27 0.894531 0.490278 0.0348958 0.0268519
2 28 0.908333 0.572222 0.0364583 0.0277778
2 31 0.141406 0.840278 0.0223958 0.0564815
2 32 0.216406 0.613889 0.0338542 0.0296296
5 1 0.690104 0.444444 0.071875 0.0407407
5 2 0.371354 0.687037 0.0302083 0.105556
7 0 0.801823 0.319444 0.0401042 0.0314815
7 1 0.504687 0.294444 0.034375 0.0314815
2 33 0.19349 0.433796 0.0338542 0.0305556
2 34 0.136979 0.492593 0.0333333 0.0277778
2 35 0.152344 0.462037 0.0359375 0.0296296
2 36 0.04375 0.522222 0.0333333 0.0296296
2 37 0.0291667 0.440278 0.03125 0.0305556
7 2 0.021875 0.486111 0.0364583 0.0277778
2 38 0.970573 0.330093 0.0296875 0.0287037
2 40 0.263802 0.618519 0.0317708 0.0296296
