2 0 0.722917 0.250463 0.0354167 0.0287037
2 1 0.573177 0.238889 0.0328125 0.0277778
2 2 0.665104 0.279167 0.0333333 0.0287037
2 3 0.577865 0.273611 0.0359375 0.0305556
2 4 0.732031 0.288426 0.0317708 0.0324074
2 5 0.807031 0.227315 0.0380208 0.025
2 6 0.670833 0.310648 0.034375 0.0287037
2 7 0.464844 0.231481 0.0338542 0.0296296
2 8 0.341406 0.256481 0.0317708 0.0314815
2 9 0.188542 0.212037 0.0375 0.0296296
2 10 0.225521 0.285648 0.028125 0.0287037
2 11 0.311458 0.288426 0.0322917 0.0324074
2 12 0.0346354 0.204167 0.0390625 0.0287037
2 13 0.372917 0.106944 0.01875 0.0527778
2 14 0.388281 0.0625 0.0161458 0.0546296
2 15 0.370313 0.0467593 0.0208333 0.0583333
2 18 0.303125 0.499537 0.0302083 0.0231481
2 19 0.34375 0.449537 0.0375 0.0287037
2 20 0.420052 0.499074 0.0328125 0.0314815
2 21 0.332812 0.564352 0.0322917 0.0435185
2 22 0.170833 0.244907 0.0385417 0.0305556
2 23 0.0403646 0.273611 0.0328125 0.0324074
2 24 0.641927 0.536574 0.0338542 0.0324074
2 25 0.725521 0.514352 0.03125 0.0324074
2 26 0.776823 0.492593 0.0296875 0.0296296
2 27 0.934115 0.496296 0.0359375 0.0259259
2 28 0.948438 0.578241 0.0364583 0.0268519
2 31 0.141146 0.845833 0.0229167 0.0564815
2 32 0.216667 0.619444 0.034375 0.0296296
5 1 0.71875 0.451852 0.0729167 0.0407407
5 2 0.371615 0.691667 0.0307292 0.105556
7 0 0.775781 0.321759 0.0401042 0.0324074
7 1 0.476302 0.294444 0.0338542 0.0314815
2 33 0.232552 0.439815 0.0338542 0.0296296
2 34 0.170052 0.499074 0.0338542 0.0277778
2 35 0.194792 0.468519 0.0364583 0.0296296
2 36 0.0739583 0.527778 0.0333333 0.0333333
2 37 0.0627604 0.447222 0.0348958 0.0277778
7 2 0.0570313 0.492593 0.0380208 0.0296296
2 38 0.940625 0.329167 0.03125 0.025
2 39 0.972656 0.3 0.0286458 0.0277778
2 40 0.264062 0.623148 0.0322917 0.0296296
