2 0 0.719271 0.250463 0.0354167 0.0287037
2 1 0.56901 0.238889 0.0328125 0.0277778
2 2 0.660937 0.279167 0.0333333 0.0287037
2 3 0.573698 0.273611 0.0359375 0.0305556
2 4 0.727865 0.288426 0.0317708 0.0324074
2 5 0.803385 0.227315 0.0380208 0.025
2 6 0.667188 0.310648 0.034375 0.0287037
2 7 0.460677 0.231481 0.0338542 0.0296296
2 8 0.33776 0.256481 0.0317708 0.0314815
2 9 0.184375 0.212037 0.0375 0.0296296
2 10 0.221354 0.285648 0.028125 0.0287037
2 11 0.307292 0.288426 0.0322917 0.0324074
2 12 0.0299479 0.204167 0.0390625 0.0287037
2 13 0.372917 0.10787 0.01875 0.0527778
2 14 0.388281 0.0634259 0.0161458 0.0546296
2 15 0.370313 0.0472222 0.0208333 0.0592593
2 18 0.308854 0.501389 0.0302083 0.0231481
2 19 0.349479 0.450463 0.0375 0.0287037
2 20 0.426823 0.5 0.0328125 0.0314815
2 21 0.334896 0.565278 0.0322917 0.0435185
2 22 0.166667 0.244907 0.0385417 0.0305556
2 23 0.0361979 0.273611 0.0328125 0.0324074
2 24 0.647135 0.5375 0.0338542 0.0324074
2 25 0.73125 0.515278 0.03125 0.0324074
2 26 0.782552 0.493519 0.0296875 0.0296296
2 27 0.939844 0.497222 0.0359375 0.0259259
2 28 0.954167 0.579167 0.0364583 0.0268519
2 31 0.141146 0.846759 0.0229167 0.0564815
2 32 0.216667 0.62037 0.034375 0.0296296
5 1 0.722917 0.452778 0.0729167 0.0407407
5 2 0.371615 0.692593 0.0307292 0.105556
7 0 0.772135 0.321759 0.0401042 0.0324074
7 1 0.472135 0.294444 0.0338542 0.0314815
2 33 0.238281 0.440741 0.0338542 0.0296296
2 34 0.17474 0.5 0.0338542 0.0277778
2 35 0.201042 0.469444 0.0364583 0.0296296
2 36 0.078125 0.528704 0.0333333 0.0333333
2 37 0.0677083 0.448148 0.0354167 0.0277778
7 2 0.0617188 0.493519 0.0380208 0.0296296
2 38 0.936198 0.329167 0.0317708 0.025
2 39 0.96901 0.300463 0.0307292 0.0287037
2 40 0.264062 0.624074 0.0322917 0.0296296
