2 0 0.75599 0.249537 0.0359375 0.0287037
2 1 0.609375 0.237037 0.0333333 0.0277778
2 2 0.698698 0.277315 0.0328125 0.0287037
2 3 0.610677 0.271759 0.0359375 0.0305556
2 4 0.765625 0.285185 0.0322917 0.0314815
2 5 0.838542 0.225463 0.0354167 0.025
2 6 0.702865 0.308796 0.0348958 0.0287037
2 7 0.499219 0.229167 0.0338542 0.0287037
2 8 0.373437 0.255093 0.0322917 0.0305556
2 9 0.225781 0.208796 0.0369792 0.0305556
2 10 0.260938 0.28287 0.028125 0.0287037
2 11 0.345313 0.286111 0.0322917 0.0314815
2 12 0.0747396 0.203241 0.0380208 0.0305556
2 13 0.372396 0.100926 0.01875 0.0537037
2 14 0.38776 0.0569444 0.0161458 0.0546296
2 15 0.369271 0.0416667 0.0197917 0.0537037
2 18 0.255729 0.487963 0.0302083 0.0240741
2 19 0.296354 0.441204 0.0364583 0.0287037
2 20 0.36276 0.49537 0.0328125 0.0314815
2 21 0.315104 0.551852 0.0333333 0.0407407
2 22 0.204427 0.241204 0.0380208 0.0305556
2 23 0.0765625 0.27037 0.0322917 0.0314815
2 24 0.600521 0.528241 0.034375 0.0324074
2 25 0.67526 0.505093 0.0317708 0.0324074
2 26 0.730208 0.485185 0.0302083 0.0296296
2 27 0.886198 0.488426 0.0348958 0.0268519
2 28 0.9 0.57037 0.0364583 0.0277778
2 31 0.141406 0.839352 0.0223958 0.0564815
2 32 0.216927 0.613426 0.0338542 0.0305556
5 1 0.684375 0.443519 0.071875 0.0407407
5 2 0.371354 0.685185 0.0302083 0.105556
7 0 0.807031 0.318519 0.0401042 0.0314815
7 1 0.510938 0.294444 0.034375 0.0314815
2 33 0.185156 0.431944 0.0338542 0.0305556
2 34 0.129688 0.491667 0.0333333 0.0277778
2 35 0.14349 0.460185 0.0359375 0.0296296
2 36 0.0369792 0.521759 0.0333333 0.0287037
2 37 0.0221354 0.438889 0.0307292 0.0314815
2 38 0.977083 0.330093 0.0291667 0.0287037
2 40 0.263281 0.617593 0.0317708 0.0296296
