2 0 0.841146 0.243981 0.0375 0.0287037
2 1 0.701042 0.23287 0.0354167 0.0268519
2 2 0.784896 0.272222 0.03125 0.0277778
2 3 0.695313 0.266204 0.0364583 0.0305556
2 4 0.852083 0.279167 0.0333333 0.0305556
2 5 0.917448 0.219444 0.0296875 0.0259259
2 6 0.783854 0.300463 0.0364583 0.0287037
2 7 0.585938 0.225 0.034375 0.0277778
2 8 0.454688 0.249074 0.034375 0.0296296
2 9 0.31875 0.200926 0.0354167 0.0314815
2 10 0.348698 0.274074 0.0276042 0.0296296
2 11 0.432031 0.278704 0.0328125 0.0277778
2 12 0.175521 0.2 0.0364583 0.0333333
2 13 0.371094 0.0861111 0.0192708 0.0555556
2 14 0.386198 0.0416667 0.0161458 0.0537037
2 15 0.367708 0.0300926 0.0177083 0.0416667
2 18 0.134635 0.457407 0.0296875 0.0259259
2 19 0.175781 0.421759 0.0348958 0.0287037
2 20 0.217708 0.48287 0.0333333 0.0305556
2 21 0.26276 0.523148 0.0348958 0.0351852
2 22 0.289063 0.234259 0.0364583 0.0314815
2 23 0.16875 0.262963 0.03125 0.0296296
2 24 0.494271 0.508333 0.0354167 0.0333333
2 25 0.549219 0.482407 0.0338542 0.0333333
2 26 0.610677 0.462037 0.0307292 0.0296296
2 27 0.764063 0.468056 0.0322917 0.0305556
2 28 0.775521 0.547222 0.0364583 0.0296296
2 29 0.870833 0.507407 0.0291667 0.0277778
2 30 0.91875 0.484259 0.0229167 0.0259259
2 31 0.141146 0.823611 0.0208333 0.0564815
2 32 0.216927 0.598148 0.0328125 0.0314815
5 0 0.960938 0.442593 0.040625 0.0425926
5 1 0.596354 0.421759 0.06875 0.0416667
5 2 0.370833 0.669907 0.0291667 0.106481
7 0 0.886458 0.312037 0.040625 0.0296296
7 1 0.598958 0.287037 0.0354167 0.0314815
2 33 0.0653646 0.413889 0.0348958 0.0333333
2 34 0.0278646 0.472685 0.0317708 0.0287037
2 40 0.26224 0.603704 0.0307292 0.0296296
