2 0 0.903125 0.236111 0.0385417 0.0277778
2 1 0.761979 0.222222 0.0364583 0.0259259
2 2 0.846875 0.262037 0.0302083 0.0277778
2 3 0.754687 0.256019 0.0364583 0.0305556
2 4 0.924479 0.269907 0.034375 0.0287037
2 5 0.972656 0.208796 0.0255208 0.0268519
2 6 0.839583 0.289352 0.0375 0.0287037
2 7 0.648958 0.211574 0.034375 0.0268519
2 8 0.509375 0.238426 0.0354167 0.0287037
2 9 0.383333 0.195833 0.034375 0.0324074
2 10 0.407031 0.261574 0.0276042 0.0305556
2 11 0.491927 0.269444 0.0328125 0.0259259
2 12 0.246094 0.187963 0.0348958 0.0351852
2 13 0.370313 0.075 0.0197917 0.0574074
2 14 0.385156 0.0310185 0.0161458 0.0527778
2 15 0.366146 0.0208333 0.0166667 0.0324074
2 16 0.0200521 0.137963 0.0276042 0.0296296
2 17 0.0106771 0.238426 0.0192708 0.0305556
2 18 0.0497396 0.42963 0.0296875 0.0277778
2 19 0.0924479 0.400463 0.0338542 0.0287037
2 20 0.127083 0.461111 0.0333333 0.0296296
2 21 0.216146 0.505093 0.0364583 0.0305556
2 22 0.347917 0.228704 0.0354167 0.0314815
2 23 0.232552 0.249537 0.0307292 0.0287037
2 24 0.420052 0.488426 0.0359375 0.0342593
2 25 0.459635 0.460185 0.0348958 0.0333333
2 26 0.528125 0.441204 0.03125 0.0287037
2 27 0.679948 0.447685 0.0307292 0.0324074
2 28 0.685677 0.523148 0.0369792 0.0314815
2 29 0.777865 0.489352 0.0328125 0.0287037
2 30 0.839323 0.464815 0.0255208 0.0277778
2 31 0.141667 0.811574 0.0197917 0.0564815
2 32 0.216927 0.586574 0.0317708 0.0324074
5 0 0.904688 0.430556 0.06875 0.0407407
5 1 0.535417 0.406019 0.0666667 0.0416667
5 2 0.370313 0.658796 0.028125 0.106481
7 0 0.941667 0.300926 0.040625 0.0277778
7 1 0.660937 0.277778 0.0364583 0.0314815
2 40 0.261198 0.594444 0.0296875 0.0296296
