2 0 0.882292 0.238889 0.0385417 0.0277778
2 1 0.741927 0.226389 0.0359375 0.0268519
2 2 0.825781 0.265741 0.0307292 0.0277778
2 3 0.734896 0.260648 0.0364583 0.0305556
2 4 0.90026 0.273148 0.0338542 0.0296296
2 5 0.954167 0.2125 0.0270833 0.0268519
2 6 0.821094 0.293056 0.0369792 0.0287037
2 7 0.628125 0.216204 0.034375 0.0268519
2 8 0.490885 0.24213 0.0348958 0.0287037
2 9 0.361979 0.197222 0.034375 0.0314815
2 10 0.38776 0.265278 0.0276042 0.0305556
2 11 0.472135 0.272685 0.0328125 0.0268519
2 12 0.222396 0.194444 0.0354167 0.0351852
2 13 0.370833 0.0782407 0.0197917 0.0564815
2 14 0.385677 0.0347222 0.0161458 0.0527778
2 15 0.366927 0.024537 0.0171875 0.0361111
2 16 0.00859375 0.143519 0.0161458 0.0314815
2 18 0.0778646 0.438426 0.0296875 0.0268519
2 19 0.120052 0.40787 0.0338542 0.0287037
2 20 0.157292 0.468519 0.0333333 0.0296296
2 21 0.23151 0.511574 0.0359375 0.0324074
2 22 0.328385 0.230556 0.0359375 0.0314815
2 23 0.211458 0.255556 0.03125 0.0296296
2 24 0.444792 0.49537 0.0354167 0.0333333
2 25 0.489583 0.467593 0.034375 0.0333333
2 26 0.555729 0.447685 0.03125 0.0287037
2 27 0.707812 0.455093 0.03125 0.0324074
2 28 0.715885 0.531018 0.0369792 0.0305556
2 29 0.808594 0.494907 0.0317708 0.0287037
2 30 0.865885 0.470833 0.0244792 0.0268519
2 31 0.141406 0.815278 0.0203125 0.0564815
2 32 0.216667 0.589815 0.0322917 0.0314815
5 0 0.923437 0.434722 0.059375 0.0416667
5 1 0.555469 0.411574 0.0671875 0.0416667
5 2 0.370573 0.6625 0.0286458 0.106481
7 0 0.923437 0.305556 0.040625 0.0277778
7 1 0.639844 0.280556 0.0359375 0.0314815
2 40 0.261979 0.597222 0.0302083 0.0296296
