2 0 0.725 0.250463 0.0354167 0.0287037
2 1 0.57526 0.238889 0.0328125 0.0277778
2 2 0.667188 0.279167 0.0333333 0.0287037
2 3 0.579427 0.273611 0.0359375 0.0305556
2 4 0.733594 0.288426 0.0317708 0.0324074
2 5 0.808854 0.227315 0.0375 0.025
2 6 0.672917 0.310648 0.034375 0.0287037
2 7 0.466927 0.231481 0.0338542 0.0296296
2 8 0.34349 0.256481 0.0317708 0.0314815
2 9 0.191146 0.211111 0.0375 0.0296296
2 10 0.227604 0.285648 0.028125 0.0287037
2 11 0.313542 0.288426 0.0322917 0.0324074
2 12 0.0372396 0.204167 0.0390625 0.0287037
2 13 0.372917 0.106944 0.01875 0.0527778
2 14 0.388281 0.0625 0.0161458 0.0546296
2 15 0.370313 0.0467593 0.0208333 0.0583333
2 18 0.300521 0.499537 0.0302083 0.0231481
2 19 0.341146 0.448611 0.0375 0.0287037
2 20 0.416927 0.499074 0.0328125 0.0314815
2 21 0.331771 0.563426 0.0322917 0.0435185
2 22 0.172396 0.243981 0.0385417 0.0305556
2 23 0.0424479 0.272685 0.0328125 0.0324074
2 24 0.639844 0.535648 0.0338542 0.0324074
2 25 0.722396 0.513426 0.03125 0.0324074
2 26 0.774219 0.492593 0.0296875 0.0296296
2 27 0.93151 0.49537 0.0359375 0.0259259
2 28 0.945833 0.577315 0.0364583 0.0268519
2 31 0.141146 0.845833 0.0229167 0.0564815
2 32 0.216667 0.619444 0.034375 0.0296296
5 1 0.716667 0.450926 0.0729167 0.0407407
5 2 0.371615 0.691667 0.0307292 0.105556
7 0 0.777865 0.321759 0.0401042 0.0324074
7 1 0.478385 0.294444 0.0338542 0.0314815
2 33 0.229948 0.438889 0.0338542 0.0296296
2 34 0.167448 0.499074 0.0338542 0.0277778
2 35 0.192188 0.467593 0.0364583 0.0296296
2 36 0.071875 0.527315 0.0333333 0.0324074
2 37 0.0606771 0.446759 0.0348958 0.0287037
7 2 0.0541667 0.492593 0.0375 0.0296296
2 38 0.942708 0.32963 0.03125 0.0259259
2 39 0.974479 0.300926 0.028125 0.0277778
2 40 0.264062 0.623148 0.0322917 0.0296296
