2 0 0.744531 0.249537 0.0359375 0.0287037
2 1 0.596875 0.237963 0.0333333 0.0277778
2 2 0.686719 0.278241 0.0328125 0.0287037
2 3 0.599219 0.271759 0.0359375 0.0305556
2 4 0.753646 0.286574 0.0322917 0.0324074
2 5 0.827604 0.226389 0.0364583 0.025
2 6 0.691927 0.308796 0.0348958 0.0287037
2 7 0.486719 0.230556 0.0338542 0.0296296
2 8 0.3625 0.255556 0.0322917 0.0314815
2 9 0.21224 0.209259 0.0369792 0.0296296
2 10 0.248437 0.283796 0.028125 0.0287037
2 11 0.333333 0.287037 0.0322917 0.0314815
2 12 0.0604167 0.203704 0.0385417 0.0296296
2 13 0.372396 0.103704 0.01875 0.0537037
2 14 0.38776 0.0587963 0.0161458 0.0546296
2 15 0.369531 0.0435185 0.0203125 0.0555556
2 18 0.272396 0.492593 0.0302083 0.0240741
2 19 0.313281 0.443981 0.0369792 0.0287037
2 20 0.383073 0.497222 0.0328125 0.0314815
2 21 0.321094 0.556019 0.0328125 0.0416667
2 22 0.192448 0.24213 0.0380208 0.0305556
2 23 0.0640625 0.271296 0.0322917 0.0314815
2 24 0.615104 0.531018 0.034375 0.0324074
2 25 0.692969 0.508796 0.0317708 0.0324074
2 26 0.746875 0.487963 0.0302083 0.0296296
2 27 0.903125 0.491204 0.0354167 0.0268519
2 28 0.917188 0.573148 0.0364583 0.0277778
2 31 0.141406 0.84213 0.0223958 0.0564815
2 32 0.216406 0.615741 0.0338542 0.0296296
5 1 0.696354 0.446296 0.071875 0.0407407
5 2 0.371354 0.687963 0.0302083 0.105556
7 0 0.796094 0.319444 0.0401042 0.0314815
7 1 0.498437 0.294444 0.034375 0.0314815
2 33 0.201823 0.434722 0.0338542 0.0305556
2 34 0.14375 0.494444 0.0333333 0.0277778
2 35 0.161979 0.462963 0.0364583 0.0296296
2 36 0.05 0.523611 0.0333333 0.0305556
2 37 0.0364583 0.441667 0.0322917 0.0296296
7 2 0.0294271 0.487037 0.0369792 0.0277778
2 38 0.964323 0.32963 0.0296875 0.0277778
2 40 0.263802 0.619444 0.0317708 0.0296296
