2 0 0.820313 0.246759 0.0375 0.0287037
2 1 0.679427 0.233796 0.0348958 0.0268519
2 2 0.764844 0.273148 0.0317708 0.0277778
2 3 0.675521 0.26713 0.0364583 0.0305556
2 4 0.831771 0.281019 0.0333333 0.0305556
2 5 0.899479 0.222222 0.03125 0.0259259
2 6 0.765365 0.304167 0.0359375 0.0287037
2 7 0.565625 0.225926 0.034375 0.0277778
2 8 0.436198 0.251852 0.0338542 0.0296296
2 9 0.296875 0.202778 0.0354167 0.0314815
2 10 0.329427 0.278704 0.0276042 0.0296296
2 11 0.411719 0.281944 0.0328125 0.0287037
2 12 0.152344 0.200463 0.0369792 0.0324074
2 13 0.371615 0.0898148 0.0192708 0.0555556
2 14 0.386719 0.0453704 0.0161458 0.0537037
2 15 0.367969 0.0324074 0.0182292 0.0444444
2 18 0.16276 0.464815 0.0296875 0.0259259
2 19 0.203906 0.426389 0.0348958 0.0287037
2 20 0.251042 0.486574 0.0333333 0.0305556
2 21 0.278125 0.529167 0.034375 0.0361111
2 22 0.269531 0.236111 0.0369792 0.0314815
2 23 0.147656 0.264352 0.0317708 0.0305556
2 24 0.51901 0.512963 0.0348958 0.0333333
2 25 0.578646 0.487963 0.0333333 0.0333333
2 26 0.638281 0.469444 0.0307292 0.0296296
2 27 0.792448 0.474074 0.0328125 0.0296296
2 28 0.805729 0.554167 0.0364583 0.0287037
2 29 0.901823 0.513889 0.0276042 0.0277778
2 30 0.945573 0.490278 0.0223958 0.025
2 31 0.141406 0.827315 0.0213542 0.0564815
2 32 0.216927 0.601852 0.0328125 0.0314815
5 1 0.616927 0.426389 0.0692708 0.0416667
5 2 0.370833 0.673611 0.0291667 0.106481
7 0 0.868229 0.313889 0.040625 0.0296296
7 1 0.578125 0.289815 0.0354167 0.0314815
2 33 0.0932292 0.418056 0.034375 0.0324074
2 34 0.0515625 0.477315 0.0322917 0.0287037
2 35 0.04375 0.445833 0.0354167 0.0305556
2 40 0.26224 0.607407 0.0307292 0.0296296
