2 0 0.901042 0.236111 0.0385417 0.0277778
2 1 0.759896 0.223148 0.0364583 0.0259259
2 2 0.845052 0.262037 0.0307292 0.0277778
2 3 0.753125 0.256944 0.0364583 0.0305556
2 4 0.922396 0.270833 0.034375 0.0287037
2 5 0.970573 0.208796 0.0255208 0.0268519
2 6 0.83724 0.290278 0.0369792 0.0287037
2 7 0.646875 0.2125 0.034375 0.0268519
2 8 0.507813 0.238426 0.0354167 0.0287037
2 9 0.38125 0.195833 0.034375 0.0324074
2 10 0.404948 0.261574 0.0276042 0.0305556
2 11 0.489844 0.269444 0.0328125 0.0259259
2 12 0.24349 0.188889 0.0348958 0.0351852
2 13 0.370833 0.0759259 0.0197917 0.0574074
2 14 0.385677 0.0310185 0.0161458 0.0527778
2 15 0.366146 0.0212963 0.0166667 0.0333333
2 16 0.0190104 0.137963 0.0265625 0.0296296
2 17 0.00885417 0.238426 0.0177083 0.0305556
2 18 0.0528646 0.430556 0.0296875 0.0277778
2 19 0.0950521 0.401389 0.0338542 0.0287037
2 20 0.130208 0.462037 0.0333333 0.0296296
2 21 0.217708 0.505093 0.0364583 0.0305556
2 22 0.346615 0.228704 0.0359375 0.0314815
2 23 0.230469 0.250463 0.0307292 0.0287037
2 24 0.422656 0.489352 0.0359375 0.0342593
2 25 0.4625 0.461111 0.034375 0.0333333
2 26 0.530729 0.44213 0.03125 0.0287037
2 27 0.682552 0.448611 0.0307292 0.0324074
2 28 0.688802 0.523611 0.0369792 0.0305556
2 29 0.78099 0.489352 0.0328125 0.0287037
2 30 0.841927 0.465278 0.0255208 0.0268519
2 31 0.141927 0.8125 0.0203125 0.0564815
2 32 0.216927 0.5875 0.0317708 0.0324074
5 0 0.906771 0.431481 0.0677083 0.0407407
5 1 0.5375 0.406944 0.0666667 0.0416667
5 2 0.370313 0.659722 0.028125 0.106481
7 0 0.939583 0.300926 0.040625 0.0277778
7 1 0.658854 0.277778 0.0364583 0.0314815
2 40 0.261198 0.594444 0.0296875 0.0296296
