2 0 0.867969 0.240741 0.0380208 0.0277778
2 1 0.727865 0.229167 0.0359375 0.0268519
2 2 0.811198 0.268519 0.0307292 0.0277778
2 3 0.720833 0.263426 0.0364583 0.0305556
2 4 0.883594 0.275926 0.0338542 0.0296296
2 5 0.941667 0.215278 0.028125 0.0268519
2 6 0.808073 0.295833 0.0369792 0.0287037
2 7 0.613021 0.219444 0.034375 0.0277778
2 8 0.478385 0.244444 0.0348958 0.0296296
2 9 0.346615 0.198148 0.0348958 0.0314815
2 10 0.374219 0.268519 0.0276042 0.0296296
2 11 0.458073 0.274537 0.0328125 0.0268519
2 12 0.20651 0.197685 0.0359375 0.0342593
2 13 0.371354 0.0810185 0.0197917 0.0564815
2 14 0.386198 0.037037 0.0161458 0.0537037
2 15 0.366927 0.0263889 0.0171875 0.037963
2 18 0.0976563 0.445833 0.0296875 0.0268519
2 19 0.139583 0.413426 0.034375 0.0287037
2 20 0.178646 0.473611 0.0333333 0.0305556
2 21 0.242448 0.515741 0.0359375 0.0333333
2 22 0.315104 0.231481 0.0364583 0.0314815
2 23 0.196354 0.259259 0.03125 0.0296296
2 24 0.461979 0.500926 0.0354167 0.0333333
2 25 0.510417 0.473148 0.034375 0.0333333
2 26 0.575 0.453704 0.03125 0.0296296
2 27 0.727865 0.459259 0.0317708 0.0314815
2 28 0.736719 0.536574 0.0369792 0.0305556
2 29 0.830469 0.499074 0.0307292 0.0277778
2 30 0.884375 0.475 0.0239583 0.0259259
2 31 0.141667 0.818056 0.0208333 0.0564815
2 32 0.216667 0.592593 0.0322917 0.0314815
5 0 0.936719 0.4375 0.0526042 0.0416667
5 1 0.569792 0.415278 0.0677083 0.0416667
5 2 0.370573 0.665278 0.0286458 0.106481
7 0 0.910417 0.308796 0.040625 0.0287037
7 1 0.625781 0.282407 0.0359375 0.0314815
2 33 0.0289063 0.40787 0.0348958 0.0342593
2 40 0.261979 0.6 0.0302083 0.0296296
