2 0 0.851302 0.243056 0.0380208 0.0287037
2 1 0.711458 0.231944 0.0354167 0.0268519
2 2 0.794792 0.272222 0.03125 0.0277778
2 3 0.705208 0.265278 0.0364583 0.0305556
2 4 0.864062 0.278241 0.0333333 0.0305556
2 5 0.926562 0.217593 0.0291667 0.0259259
2 6 0.793229 0.298611 0.0364583 0.0287037
2 7 0.596354 0.222222 0.034375 0.0277778
2 8 0.463542 0.247222 0.034375 0.0296296
2 9 0.329427 0.2 0.0348958 0.0314815
2 10 0.358594 0.271296 0.0276042 0.0296296
2 11 0.441927 0.277778 0.0328125 0.0277778
2 12 0.18724 0.200463 0.0359375 0.0342593
2 13 0.371094 0.0842593 0.0192708 0.0555556
2 14 0.386198 0.0398148 0.0161458 0.0537037
2 15 0.367188 0.0282407 0.0177083 0.0398148
2 18 0.120573 0.452778 0.0296875 0.0259259
2 19 0.161979 0.418981 0.034375 0.0287037
2 20 0.202604 0.480093 0.0333333 0.0305556
2 21 0.255208 0.519907 0.0354167 0.0342593
2 22 0.298958 0.233333 0.0364583 0.0314815
2 23 0.179167 0.262037 0.03125 0.0296296
2 24 0.481771 0.506481 0.0354167 0.0333333
2 25 0.534115 0.47963 0.0338542 0.0333333
2 26 0.597135 0.458333 0.0307292 0.0296296
2 27 0.75026 0.464352 0.0317708 0.0305556
2 28 0.760417 0.542593 0.0364583 0.0296296
2 29 0.855469 0.50463 0.0296875 0.0277778
2 30 0.905469 0.480556 0.0234375 0.0259259
2 31 0.141667 0.821759 0.0208333 0.0564815
2 32 0.216927 0.596296 0.0328125 0.0314815
5 0 0.951823 0.440278 0.0453125 0.0416667
5 1 0.586198 0.418981 0.0682292 0.0416667
5 2 0.370833 0.668056 0.0291667 0.106481
7 0 0.895833 0.311574 0.040625 0.0287037
7 1 0.608854 0.285185 0.0354167 0.0314815
2 33 0.0513021 0.411111 0.0348958 0.0333333
2 34 0.0158854 0.470833 0.0317708 0.0287037
2 40 0.26224 0.602778 0.0307292 0.0296296
