2 0 0.779167 0.249537 0.0364583 0.0287037
2 1 0.634635 0.236111 0.0338542 0.0277778
2 2 0.722917 0.276389 0.0322917 0.0287037
2 3 0.634115 0.269907 0.0359375 0.0305556
2 4 0.789844 0.284259 0.0328125 0.0314815
2 5 0.860677 0.225 0.0338542 0.0259259
2 6 0.726042 0.306944 0.0354167 0.0287037
2 7 0.523438 0.228241 0.034375 0.0287037
2 8 0.396094 0.254167 0.0328125 0.0305556
2 9 0.251563 0.206019 0.0364583 0.0305556
2 10 0.285677 0.281481 0.0276042 0.0296296
2 11 0.369531 0.284722 0.0328125 0.0305556
2 12 0.102604 0.202778 0.0375 0.0314815
2 13 0.372135 0.0967593 0.0192708 0.0546296
2 14 0.38724 0.0527778 0.0161458 0.0537037
2 15 0.36901 0.037963 0.0192708 0.05
2 18 0.221615 0.480093 0.0296875 0.025
2 19 0.26276 0.435648 0.0359375 0.0287037
2 20 0.322396 0.49213 0.0333333 0.0305556
2 21 0.302865 0.543519 0.0338542 0.0388889
2 22 0.227604 0.239352 0.0375 0.0305556
2 23 0.102604 0.268519 0.0322917 0.0314815
2 24 0.570833 0.522685 0.034375 0.0324074
2 25 0.640104 0.498611 0.0322917 0.0324074
2 26 0.696354 0.47963 0.0302083 0.0296296
2 27 0.851823 0.483333 0.0338542 0.0277778
2 28 0.865625 0.564815 0.0364583 0.0277778
2 29 0.967188 0.527315 0.025 0.0268519
2 31 0.141146 0.834722 0.021875 0.0564815
2 32 0.216667 0.608796 0.0333333 0.0305556
5 1 0.659896 0.437037 0.0708333 0.0407407
5 2 0.371094 0.681481 0.0296875 0.105556
7 0 0.829427 0.31713 0.0401042 0.0305556
7 1 0.535156 0.293519 0.0348958 0.0314815
2 33 0.152083 0.426852 0.034375 0.0314815
2 34 0.101302 0.486111 0.0328125 0.0277778
2 35 0.107031 0.455093 0.0359375 0.0305556
2 40 0.263021 0.613889 0.03125 0.0296296
