2 0 0.803906 0.248611 0.0369792 0.0287037
2 1 0.6625 0.233796 0.034375 0.0268519
2 2 0.748698 0.274074 0.0317708 0.0277778
2 3 0.659896 0.268056 0.0364583 0.0305556
2 4 0.815365 0.282407 0.0328125 0.0314815
2 5 0.884375 0.224074 0.0322917 0.0259259
2 6 0.75026 0.306019 0.0359375 0.0287037
2 7 0.549479 0.227315 0.034375 0.0287037
2 8 0.420833 0.252778 0.0333333 0.0296296
2 9 0.279427 0.204167 0.0359375 0.0305556
2 10 0.31276 0.27963 0.0276042 0.0296296
2 11 0.395573 0.283333 0.0328125 0.0296296
2 12 0.133073 0.201389 0.0369792 0.0324074
2 13 0.371615 0.0921296 0.0192708 0.0546296
2 14 0.386719 0.0481481 0.0161458 0.0537037
2 15 0.368229 0.0342593 0.01875 0.0462963
2 18 0.185156 0.469907 0.0296875 0.025
2 19 0.226042 0.430093 0.0354167 0.0287037
2 20 0.278125 0.488426 0.0333333 0.0305556
2 21 0.289063 0.534259 0.034375 0.037037
2 22 0.253385 0.236574 0.0369792 0.0305556
2 23 0.130469 0.266204 0.0317708 0.0305556
2 24 0.538802 0.516667 0.0348958 0.0333333
2 25 0.601823 0.492593 0.0328125 0.0333333
2 26 0.660677 0.473148 0.0307292 0.0296296
2 27 0.815104 0.477315 0.0333333 0.0287037
2 28 0.828646 0.559722 0.0364583 0.0287037
2 29 0.926562 0.519444 0.0270833 0.0277778
2 30 0.966406 0.495833 0.0213542 0.025
2 31 0.141406 0.830093 0.0213542 0.0564815
2 32 0.216667 0.604167 0.0333333 0.0305556
5 1 0.633333 0.430556 0.0697917 0.0407407
5 2 0.371094 0.675926 0.0296875 0.105556
7 0 0.853646 0.315278 0.040625 0.0305556
7 1 0.561719 0.292593 0.0348958 0.0314815
2 33 0.115625 0.421759 0.034375 0.0324074
2 34 0.0703125 0.481019 0.0322917 0.0287037
2 35 0.0679687 0.449537 0.0359375 0.0305556
2 40 0.263021 0.610185 0.03125 0.0296296
