2 0 0.913281 0.235185 0.0390625 0.0277778
2 1 0.772135 0.22037 0.0369792 0.0259259
2 2 0.857292 0.259259 0.0302083 0.0277778
2 3 0.765104 0.254167 0.0364583 0.0305556
2 4 0.936458 0.268981 0.034375 0.0287037
2 5 0.981771 0.206944 0.025 0.0268519
2 6 0.848437 0.2875 0.0375 0.0287037
2 7 0.659375 0.209722 0.034375 0.0268519
2 8 0.51901 0.236574 0.0359375 0.0287037
2 9 0.39401 0.194907 0.0338542 0.0324074
2 10 0.416927 0.258796 0.0276042 0.0305556
2 11 0.501823 0.26713 0.0328125 0.025
2 12 0.257292 0.185648 0.034375 0.0361111
2 13 0.370313 0.0731481 0.0197917 0.0574074
2 14 0.385156 0.0291667 0.0161458 0.0527778
2 15 0.365885 0.0194444 0.0161458 0.0314815
2 16 0.0265625 0.133796 0.03125 0.0287037
2 17 0.0200521 0.234722 0.0286458 0.0287037
2 18 0.0356771 0.425 0.0296875 0.0277778
2 19 0.078125 0.396759 0.0333333 0.0287037
2 20 0.111979 0.457407 0.0333333 0.0296296
2 21 0.208594 0.501852 0.0369792 0.0296296
2 22 0.358333 0.227778 0.0354167 0.0314815
2 23 0.24349 0.247685 0.0307292 0.0287037
2 24 0.407552 0.484722 0.0359375 0.0342593
2 25 0.444531 0.456481 0.0348958 0.0333333
2 26 0.514063 0.4375 0.03125 0.0287037
2 27 0.665625 0.444444 0.0302083 0.0333333
2 28 0.670573 0.519444 0.0369792 0.0314815
2 29 0.761979 0.485648 0.0333333 0.0287037
2 30 0.826042 0.461111 0.0260417 0.0277778
2 31 0.141667 0.809722 0.0197917 0.0564815
2 32 0.216927 0.584722 0.0317708 0.0324074
5 0 0.895573 0.428704 0.0734375 0.0407407
5 1 0.52526 0.404167 0.0661458 0.0416667
5 2 0.370313 0.656944 0.028125 0.106481
7 0 0.950521 0.297685 0.040625 0.0268519
7 1 0.670833 0.275926 0.0364583 0.0314815
2 40 0.261198 0.592593 0.0296875 0.0296296
