2 0 0.863802 0.240741 0.0380208 0.0277778
2 1 0.723437 0.230093 0.0354167 0.0268519
2 2 0.807292 0.269444 0.03125 0.0277778
2 3 0.717188 0.264352 0.0364583 0.0305556
2 4 0.878906 0.275926 0.0338542 0.0296296
2 5 0.9375 0.214815 0.028125 0.0259259
2 6 0.804167 0.296759 0.0364583 0.0287037
2 7 0.608854 0.22037 0.034375 0.0277778
2 8 0.47474 0.24537 0.0348958 0.0296296
2 9 0.342448 0.199074 0.0348958 0.0314815
2 10 0.370052 0.269444 0.0276042 0.0296296
2 11 0.453906 0.275463 0.0328125 0.0268519
2 12 0.201823 0.198611 0.0359375 0.0342593
2 13 0.371094 0.0819444 0.0192708 0.0564815
2 14 0.386198 0.037963 0.0161458 0.0537037
2 15 0.366927 0.0263889 0.0171875 0.037963
2 18 0.103385 0.447685 0.0296875 0.0268519
2 19 0.145313 0.415278 0.034375 0.0287037
2 20 0.184896 0.475463 0.0333333 0.0305556
2 21 0.245833 0.516667 0.0354167 0.0333333
2 22 0.310937 0.231481 0.0364583 0.0314815
2 23 0.192188 0.260185 0.03125 0.0296296
2 24 0.467187 0.502778 0.0354167 0.0333333
2 25 0.516406 0.475 0.0338542 0.0333333
2 26 0.580469 0.45463 0.0307292 0.0296296
2 27 0.733594 0.460185 0.0317708 0.0314815
2 28 0.742708 0.537963 0.0364583 0.0296296
2 29 0.836719 0.500926 0.0307292 0.0277778
2 30 0.889583 0.476852 0.0239583 0.0259259
2 31 0.141667 0.818981 0.0208333 0.0564815
2 32 0.216667 0.593518 0.0322917 0.0314815
5 0 0.940625 0.438426 0.0510417 0.0416667
5 1 0.574219 0.416204 0.0682292 0.0416667
5 2 0.370573 0.666204 0.0286458 0.106481
7 0 0.906771 0.309722 0.040625 0.0287037
7 1 0.621615 0.283333 0.0359375 0.0314815
2 33 0.0346354 0.408796 0.0348958 0.0342593
2 40 0.261979 0.6 0.0302083 0.0296296
