2 0 0.748177 0.249537 0.0359375 0.0287037
2 1 0.601042 0.237037 0.0333333 0.0277778
2 2 0.690885 0.277315 0.0328125 0.0287037
2 3 0.602865 0.271759 0.0359375 0.0305556
2 4 0.757813 0.286574 0.0322917 0.0324074
2 5 0.83099 0.226389 0.0359375 0.025
2 6 0.695573 0.308796 0.0348958 0.0287037
2 7 0.490885 0.230556 0.0338542 0.0296296
2 8 0.366146 0.255093 0.0322917 0.0305556
2 9 0.216927 0.209259 0.0369792 0.0296296
2 10 0.252604 0.283796 0.028125 0.0287037
2 11 0.3375 0.287037 0.0322917 0.0314815
2 12 0.0651042 0.202778 0.0385417 0.0296296
2 13 0.372396 0.102778 0.01875 0.0537037
2 14 0.38776 0.0578704 0.0161458 0.0546296
2 15 0.369531 0.0430556 0.0203125 0.0546296
2 18 0.266667 0.490741 0.0302083 0.0240741
2 19 0.307552 0.443056 0.0369792 0.0287037
2 20 0.376302 0.496296 0.0328125 0.0314815
2 21 0.31901 0.555093 0.0328125 0.0416667
2 22 0.196094 0.24213 0.0380208 0.0305556
2 23 0.0682292 0.27037 0.0322917 0.0314815
2 24 0.610417 0.530093 0.034375 0.0324074
2 25 0.68724 0.506944 0.0317708 0.0324074
2 26 0.741146 0.487037 0.0302083 0.0296296
2 27 0.897135 0.490278 0.0348958 0.0268519
2 28 0.911458 0.572222 0.0364583 0.0277778
2 31 0.141406 0.841204 0.0223958 0.0564815
2 32 0.216406 0.614815 0.0338542 0.0296296
5 1 0.692187 0.44537 0.071875 0.0407407
5 2 0.371354 0.687037 0.0302083 0.105556
7 0 0.79974 0.319444 0.0401042 0.0314815
7 1 0.502604 0.294444 0.034375 0.0314815
2 33 0.196094 0.433796 0.0338542 0.0305556
2 34 0.139062 0.493519 0.0333333 0.0277778
2 35 0.155469 0.462037 0.0359375 0.0296296
2 36 0.0458333 0.523148 0.0333333 0.0296296
2 37 0.0315104 0.441204 0.0317708 0.0305556
7 2 0.0244792 0.486111 0.0364583 0.0277778
2 38 0.96849 0.32963 0.0296875 0.0277778
2 40 0.263802 0.619444 0.0317708 0.0296296
