2 0 0.746094 0.249537 0.0359375 0.0287037
2 1 0.598958 0.237963 0.0333333 0.0277778
2 2 0.688802 0.278241 0.0328125 0.0287037
2 3 0.601302 0.271759 0.0359375 0.0305556
2 4 0.755729 0.286574 0.0322917 0.0324074
2 5 0.829167 0.226389 0.0364583 0.025
2 6 0.69349 0.308796 0.0348958 0.0287037
2 7 0.488802 0.230556 0.0338542 0.0296296
2 8 0.364062 0.255093 0.0322917 0.0305556
2 9 0.214844 0.209259 0.0369792 0.0296296
2 10 0.250521 0.283796 0.028125 0.0287037
2 11 0.335417 0.287037 0.0322917 0.0314815
2 12 0.0630208 0.202778 0.0385417 0.0296296
2 13 0.372396 0.102778 0.01875 0.0537037
2 14 0.38776 0.0587963 0.0161458 0.0546296
2 15 0.369531 0.0435185 0.0203125 0.0555556
2 18 0.269271 0.491667 0.0302083 0.0240741
2 19 0.310156 0.443981 0.0369792 0.0287037
2 20 0.379427 0.496296 0.0328125 0.0314815
2 21 0.320052 0.555093 0.0328125 0.0416667
2 22 0.19401 0.24213 0.0380208 0.0305556
2 23 0.0661458 0.271296 0.0322917 0.0314815
2 24 0.6125 0.531018 0.034375 0.0324074
2 25 0.689844 0.50787 0.0317708 0.0324074
2 26 0.74375 0.487037 0.0302083 0.0296296
2 27 0.90026 0.491204 0.0348958 0.0268519
2 28 0.914063 0.573148 0.0364583 0.0277778
2 31 0.141406 0.841204 0.0223958 0.0564815
2 32 0.216406 0.614815 0.0338542 0.0296296
5 1 0.694271 0.44537 0.071875 0.0407407
5 2 0.371354 0.687037 0.0302083 0.105556
7 0 0.797656 0.319444 0.0401042 0.0314815
7 1 0.500521 0.294444 0.034375 0.0314815
2 33 0.199219 0.434722 0.0338542 0.0305556
2 34 0.141667 0.493519 0.0333333 0.0277778
2 35 0.158854 0.462963 0.0364583 0.0296296
2 36 0.0479167 0.523611 0.0333333 0.0305556
2 37 0.0341146 0.441204 0.0317708 0.0305556
7 2 0.0265625 0.487037 0.0364583 0.0277778
2 38 0.966406 0.32963 0.0296875 0.0277778
2 40 0.263802 0.619444 0.0317708 0.0296296
