2 0 0.782812 0.249537 0.0364583 0.0287037
2 1 0.638802 0.236111 0.0338542 0.0277778
2 2 0.727083 0.276389 0.0322917 0.0287037
2 3 0.638281 0.269907 0.0359375 0.0305556
2 4 0.79349 0.284259 0.0328125 0.0314815
2 5 0.864323 0.225 0.0338542 0.0259259
2 6 0.729688 0.306944 0.0354167 0.0287037
2 7 0.527604 0.228241 0.034375 0.0287037
2 8 0.40026 0.254167 0.0328125 0.0305556
2 9 0.255729 0.206019 0.0364583 0.0305556
2 10 0.289844 0.281481 0.0276042 0.0296296
2 11 0.373698 0.284722 0.0328125 0.0305556
2 12 0.107292 0.201852 0.0375 0.0314815
2 13 0.372135 0.0958333 0.0192708 0.0546296
2 14 0.38724 0.0518519 0.0161458 0.0537037
2 15 0.36901 0.037963 0.0192708 0.05
2 18 0.215885 0.478241 0.0296875 0.025
2 19 0.257031 0.434722 0.0359375 0.0287037
2 20 0.315625 0.491204 0.0333333 0.0305556
2 21 0.300781 0.542593 0.0338542 0.0388889
2 22 0.231771 0.238426 0.0375 0.0305556
2 23 0.106771 0.267593 0.0322917 0.0314815
2 24 0.565625 0.521759 0.034375 0.0324074
2 25 0.634635 0.498148 0.0328125 0.0333333
2 26 0.691146 0.478704 0.0302083 0.0296296
2 27 0.846094 0.48287 0.0338542 0.0287037
2 28 0.860417 0.563889 0.0364583 0.0277778
2 29 0.960677 0.525463 0.0255208 0.0268519
2 31 0.141146 0.833796 0.021875 0.0564815
2 32 0.216667 0.60787 0.0333333 0.0305556
5 1 0.655729 0.436111 0.0708333 0.0407407
5 2 0.371094 0.680556 0.0296875 0.105556
7 0 0.833073 0.316204 0.0401042 0.0305556
7 1 0.539323 0.293519 0.0348958 0.0314815
2 33 0.146354 0.425926 0.034375 0.0314815
2 34 0.0966146 0.485185 0.0328125 0.0277778
2 35 0.101302 0.454167 0.0359375 0.0305556
2 40 0.263021 0.612963 0.03125 0.0296296
