2 0 0.765625 0.249537 0.0364583 0.0287037
2 1 0.620052 0.237037 0.0338542 0.0277778
2 2 0.709115 0.276389 0.0328125 0.0287037
2 3 0.620573 0.270833 0.0359375 0.0305556
2 4 0.775521 0.285185 0.0322917 0.0314815
2 5 0.847656 0.225926 0.0348958 0.0259259
2 6 0.71224 0.30787 0.0348958 0.0287037
2 7 0.509115 0.229167 0.0338542 0.0287037
2 8 0.383073 0.254167 0.0328125 0.0305556
2 9 0.236458 0.20787 0.0364583 0.0305556
2 10 0.271354 0.281944 0.028125 0.0287037
2 11 0.355208 0.285648 0.0322917 0.0305556
2 12 0.0861979 0.202315 0.0380208 0.0305556
2 13 0.372396 0.0990741 0.01875 0.0537037
2 14 0.38776 0.0550926 0.0161458 0.0546296
2 15 0.369271 0.0402778 0.0197917 0.0527778
2 18 0.241667 0.484259 0.0302083 0.0240741
2 19 0.282292 0.439352 0.0364583 0.0287037
2 20 0.345573 0.494444 0.0328125 0.0314815
2 21 0.309896 0.548611 0.0333333 0.0398148
2 22 0.214323 0.240278 0.0380208 0.0305556
2 23 0.0875 0.269444 0.0322917 0.0314815
2 24 0.588021 0.526389 0.034375 0.0324074
2 25 0.660937 0.502315 0.0322917 0.0324074
2 26 0.716146 0.482407 0.0302083 0.0296296
2 27 0.871875 0.487037 0.034375 0.0277778
2 28 0.885938 0.568519 0.0364583 0.0277778
2 31 0.141406 0.8375 0.0223958 0.0564815
2 32 0.216927 0.611574 0.0338542 0.0305556
5 1 0.674219 0.440741 0.0713542 0.0407407
5 2 0.371354 0.683333 0.0302083 0.105556
7 0 0.816406 0.318519 0.0401042 0.0314815
7 1 0.520833 0.293519 0.034375 0.0314815
2 33 0.171354 0.430556 0.034375 0.0314815
2 34 0.117708 0.489815 0.0333333 0.0277778
2 35 0.128385 0.458333 0.0359375 0.0296296
2 36 0.0265625 0.519444 0.0333333 0.0277778
2 40 0.263281 0.616667 0.0317708 0.0296296
