2 0 0.876302 0.239815 0.0380208 0.0277778
2 1 0.735677 0.228241 0.0359375 0.0268519
2 2 0.819531 0.266667 0.0307292 0.0277778
2 3 0.729167 0.261574 0.0364583 0.0305556
2 4 0.892969 0.274074 0.0338542 0.0296296
2 5 0.948698 0.213426 0.0276042 0.0268519
2 6 0.815365 0.293981 0.0369792 0.0287037
2 7 0.621354 0.217593 0.034375 0.0277778
2 8 0.485677 0.243056 0.0348958 0.0287037
2 9 0.355208 0.197222 0.034375 0.0314815
2 10 0.382031 0.26713 0.0276042 0.0305556
2 11 0.465885 0.273611 0.0328125 0.0268519
2 12 0.215625 0.196296 0.0354167 0.0351852
2 13 0.370833 0.0800926 0.0197917 0.0564815
2 14 0.385677 0.0356481 0.0161458 0.0527778
2 15 0.366927 0.025 0.0171875 0.037037
2 18 0.0867188 0.44213 0.0296875 0.0268519
2 19 0.128385 0.410648 0.0338542 0.0287037
2 20 0.166667 0.470833 0.0333333 0.0305556
2 21 0.236198 0.5125 0.0359375 0.0324074
2 22 0.322656 0.230556 0.0359375 0.0314815
2 23 0.205208 0.257407 0.03125 0.0296296
2 24 0.452083 0.498148 0.0354167 0.0333333
2 25 0.498437 0.47037 0.034375 0.0333333
2 26 0.564062 0.450463 0.03125 0.0287037
2 27 0.716146 0.456481 0.03125 0.0314815
2 28 0.72474 0.533796 0.0369792 0.0305556
2 29 0.818229 0.497222 0.03125 0.0277778
2 30 0.873698 0.472685 0.0244792 0.0268519
2 31 0.141406 0.81713 0.0203125 0.0564815
2 32 0.216667 0.591667 0.0322917 0.0314815
5 0 0.929167 0.435648 0.05625 0.0416667
5 1 0.561979 0.413426 0.0677083 0.0416667
5 2 0.370573 0.663426 0.0286458 0.106481
7 0 0.917708 0.306481 0.040625 0.0277778
7 1 0.633594 0.281481 0.0359375 0.0314815
2 33 0.0179687 0.406019 0.0348958 0.0342593
2 40 0.261979 0.598148 0.0302083 0.0296296
