2 0 0.898958 0.237037 0.0385417 0.0277778
2 1 0.758333 0.223148 0.0364583 0.0259259
2 2 0.842969 0.262037 0.0307292 0.0277778
2 3 0.751042 0.256944 0.0364583 0.0305556
2 4 0.919792 0.271296 0.034375 0.0296296
2 5 0.96875 0.209722 0.0260417 0.0268519
2 6 0.835677 0.290278 0.0369792 0.0287037
2 7 0.644792 0.2125 0.034375 0.0268519
2 8 0.505729 0.239352 0.0354167 0.0287037
2 9 0.379167 0.195833 0.034375 0.0324074
2 10 0.403385 0.2625 0.0276042 0.0305556
2 11 0.48776 0.269444 0.0328125 0.0259259
2 12 0.241406 0.188889 0.0348958 0.0351852
2 13 0.370833 0.0759259 0.0197917 0.0574074
2 14 0.385677 0.0319444 0.0161458 0.0527778
2 15 0.366146 0.0222222 0.0166667 0.0333333
2 16 0.0177083 0.139352 0.0260417 0.0305556
2 18 0.0554687 0.431019 0.0296875 0.0268519
2 19 0.0976563 0.401389 0.0338542 0.0287037
2 20 0.133333 0.462963 0.0333333 0.0296296
2 21 0.219271 0.506481 0.0364583 0.0314815
2 22 0.344531 0.228704 0.0359375 0.0314815
2 23 0.228385 0.251389 0.0307292 0.0287037
2 24 0.42526 0.489352 0.0359375 0.0342593
2 25 0.465625 0.462037 0.034375 0.0333333
2 26 0.533333 0.44213 0.03125 0.0287037
2 27 0.685677 0.449537 0.0307292 0.0324074
2 28 0.691927 0.524537 0.0369792 0.0305556
2 29 0.784115 0.490278 0.0328125 0.0287037
2 30 0.844792 0.465278 0.025 0.0268519
2 31 0.141927 0.8125 0.0203125 0.0564815
2 32 0.217187 0.5875 0.0322917 0.0324074
5 0 0.908333 0.431481 0.0666667 0.0407407
5 1 0.539583 0.40787 0.0666667 0.0416667
5 2 0.370573 0.659722 0.0286458 0.106481
7 0 0.938021 0.301852 0.040625 0.0277778
7 1 0.65651 0.277778 0.0359375 0.0314815
2 40 0.261458 0.59537 0.0302083 0.0296296
