2 0 0.907031 0.236111 0.0390625 0.0277778
2 1 0.766146 0.221296 0.0364583 0.0259259
2 2 0.851042 0.261111 0.0302083 0.0277778
2 3 0.758854 0.256019 0.0364583 0.0305556
2 4 0.929167 0.269907 0.034375 0.0287037
2 5 0.976302 0.20787 0.0255208 0.0268519
2 6 0.843229 0.288426 0.0375 0.0287037
2 7 0.653125 0.211574 0.034375 0.0268519
2 8 0.513021 0.2375 0.0354167 0.0287037
2 9 0.38776 0.194907 0.0338542 0.0324074
2 10 0.411198 0.260648 0.0276042 0.0305556
2 11 0.496094 0.268519 0.0328125 0.0259259
2 12 0.250781 0.1875 0.0348958 0.0361111
2 13 0.370313 0.0740741 0.0197917 0.0574074
2 14 0.385156 0.0300926 0.0161458 0.0527778
2 15 0.366146 0.0208333 0.0166667 0.0324074
2 16 0.0229167 0.136111 0.0291667 0.0296296
2 17 0.0145833 0.237037 0.0229167 0.0296296
2 18 0.0440104 0.427778 0.0296875 0.0277778
2 19 0.0864583 0.398611 0.0333333 0.0287037
2 20 0.121354 0.460185 0.0333333 0.0296296
2 21 0.213021 0.504167 0.0364583 0.0305556
2 22 0.352083 0.227778 0.0354167 0.0314815
2 23 0.236719 0.248611 0.0307292 0.0287037
2 24 0.415365 0.486574 0.0359375 0.0342593
2 25 0.453906 0.458333 0.0348958 0.0333333
2 26 0.522396 0.439352 0.03125 0.0287037
2 27 0.674219 0.447222 0.0307292 0.0333333
2 28 0.679948 0.521296 0.0369792 0.0314815
2 29 0.771354 0.4875 0.0333333 0.0287037
2 30 0.834115 0.462963 0.0255208 0.0277778
2 31 0.141667 0.810648 0.0197917 0.0564815
2 32 0.216927 0.585648 0.0317708 0.0324074
5 0 0.900781 0.42963 0.0703125 0.0407407
5 1 0.53125 0.405093 0.0666667 0.0416667
5 2 0.370313 0.65787 0.028125 0.106481
7 0 0.945313 0.299537 0.040625 0.0268519
7 1 0.664583 0.276852 0.0364583 0.0314815
2 40 0.261198 0.593518 0.0296875 0.0296296
