2 0 0.721354 0.250463 0.0354167 0.0287037
2 1 0.571094 0.238889 0.0328125 0.0277778
2 2 0.663021 0.279167 0.0333333 0.0287037
2 3 0.575781 0.273611 0.0359375 0.0305556
2 4 0.729948 0.288426 0.0317708 0.0324074
2 5 0.805469 0.227315 0.0380208 0.025
2 6 0.669271 0.310648 0.034375 0.0287037
2 7 0.46276 0.231481 0.0338542 0.0296296
2 8 0.339844 0.256481 0.0317708 0.0314815
2 9 0.186458 0.212037 0.0375 0.0296296
2 10 0.223438 0.285648 0.028125 0.0287037
2 11 0.309375 0.288426 0.0322917 0.0324074
2 12 0.0325521 0.204167 0.0390625 0.0287037
2 13 0.372917 0.10787 0.01875 0.0527778
2 14 0.388281 0.0634259 0.0161458 0.0546296
2 15 0.370313 0.0472222 0.0208333 0.0592593
2 18 0.30625 0.500463 0.0302083 0.0231481
2 19 0.346875 0.449537 0.0375 0.0287037
2 20 0.423698 0.5 0.0328125 0.0314815
2 21 0.333854 0.564352 0.0322917 0.0435185
2 22 0.16875 0.244907 0.0385417 0.0305556
2 23 0.0382813 0.273611 0.0328125 0.0324074
2 24 0.644531 0.536574 0.0338542 0.0324074
2 25 0.728125 0.514352 0.03125 0.0324074
2 26 0.779948 0.493519 0.0296875 0.0296296
2 27 0.93724 0.496296 0.0359375 0.0259259
2 28 0.951563 0.578241 0.0364583 0.0268519
2 31 0.141146 0.846759 0.0229167 0.0564815
2 32 0.216667 0.62037 0.034375 0.0296296
5 1 0.720833 0.451852 0.0729167 0.0407407
5 2 0.371615 0.692593 0.0307292 0.105556
7 0 0.774219 0.321759 0.0401042 0.0324074
7 1 0.474219 0.294444 0.0338542 0.0314815
2 33 0.235677 0.439815 0.0338542 0.0296296
2 34 0.172135 0.5 0.0338542 0.0277778
2 35 0.197917 0.468519 0.0364583 0.0296296
2 36 0.0760417 0.528704 0.0333333 0.0333333
2 37 0.065625 0.447222 0.0354167 0.0277778
7 2 0.0591146 0.493519 0.0380208 0.0296296
2 38 0.938281 0.329167 0.0317708 0.025
2 39 0.970573 0.300463 0.0296875 0.0287037
2 40 0.264062 0.624074 0.0322917 0.0296296
