2 0 0.814323 0.247685 0.0369792 0.0287037
2 1 0.673177 0.233796 0.0348958 0.0268519
2 2 0.758594 0.274074 0.0317708 0.0277778
2 3 0.669792 0.268056 0.0364583 0.0305556
2 4 0.82526 0.281019 0.0328125 0.0305556
2 5 0.89401 0.224074 0.0317708 0.0259259
2 6 0.759635 0.305093 0.0359375 0.0287037
2 7 0.559896 0.225926 0.034375 0.0277778
2 8 0.430469 0.251852 0.0338542 0.0296296
2 9 0.290365 0.203241 0.0359375 0.0305556
2 10 0.323177 0.278704 0.0276042 0.0296296
2 11 0.40599 0.281944 0.0328125 0.0287037
2 12 0.145052 0.201389 0.0369792 0.0324074
2 13 0.371615 0.0902778 0.0192708 0.0546296
2 14 0.386719 0.0462963 0.0161458 0.0537037
2 15 0.368229 0.0337963 0.01875 0.0453704
2 18 0.171094 0.466204 0.0296875 0.025
2 19 0.2125 0.427315 0.0354167 0.0287037
2 20 0.261458 0.4875 0.0333333 0.0305556
2 21 0.282813 0.531482 0.034375 0.037037
2 22 0.263281 0.235648 0.0369792 0.0305556
2 23 0.140885 0.265278 0.0317708 0.0305556
2 24 0.526302 0.514815 0.0348958 0.0333333
2 25 0.5875 0.489815 0.0333333 0.0333333
2 26 0.646615 0.471296 0.0307292 0.0296296
2 27 0.800781 0.475926 0.0328125 0.0296296
2 28 0.814583 0.556944 0.0364583 0.0287037
2 29 0.911198 0.515741 0.0276042 0.0277778
2 30 0.953125 0.49213 0.021875 0.025
2 31 0.141406 0.828241 0.0213542 0.0564815
2 32 0.216667 0.602315 0.0333333 0.0305556
5 1 0.622917 0.427778 0.0697917 0.0407407
5 2 0.371094 0.674074 0.0296875 0.105556
7 0 0.8625 0.313889 0.040625 0.0296296
7 1 0.571615 0.290741 0.0348958 0.0314815
2 33 0.101563 0.418981 0.034375 0.0324074
2 34 0.0583333 0.479167 0.0322917 0.0287037
2 35 0.0526042 0.446759 0.0354167 0.0305556
2 40 0.263021 0.608333 0.03125 0.0296296
