2 0 0.808073 0.248611 0.0369792 0.0287037
2 1 0.666667 0.233796 0.034375 0.0268519
2 2 0.752865 0.274074 0.0317708 0.0277778
2 3 0.664063 0.268056 0.0364583 0.0305556
2 4 0.819531 0.281944 0.0328125 0.0305556
2 5 0.888542 0.224074 0.0322917 0.0259259
2 6 0.754427 0.305093 0.0359375 0.0287037
2 7 0.553646 0.225926 0.034375 0.0277778
2 8 0.424479 0.252778 0.0333333 0.0296296
2 9 0.284115 0.203241 0.0359375 0.0305556
2 10 0.316927 0.27963 0.0276042 0.0296296
2 11 0.39974 0.283333 0.0328125 0.0296296
2 12 0.138281 0.201389 0.0369792 0.0324074
2 13 0.371615 0.0912037 0.0192708 0.0546296
2 14 0.386719 0.0472222 0.0161458 0.0537037
2 15 0.368229 0.0342593 0.01875 0.0462963
2 18 0.179427 0.468981 0.0296875 0.025
2 19 0.220833 0.429167 0.0354167 0.0287037
2 20 0.271354 0.488426 0.0333333 0.0305556
2 21 0.286979 0.533333 0.034375 0.037037
2 22 0.257552 0.236574 0.0369792 0.0305556
2 23 0.134635 0.265278 0.0317708 0.0305556
2 24 0.533594 0.515741 0.0348958 0.0333333
2 25 0.596094 0.491667 0.0328125 0.0333333
2 26 0.654948 0.472222 0.0307292 0.0296296
2 27 0.809375 0.476852 0.0333333 0.0296296
2 28 0.822917 0.558796 0.0364583 0.0287037
2 29 0.920313 0.517593 0.0270833 0.0277778
2 30 0.960938 0.494907 0.021875 0.025
2 31 0.141406 0.829167 0.0213542 0.0564815
2 32 0.216667 0.603241 0.0333333 0.0305556
5 1 0.629167 0.42963 0.0697917 0.0407407
5 2 0.371094 0.675926 0.0296875 0.105556
7 0 0.857292 0.314815 0.040625 0.0296296
7 1 0.565885 0.291667 0.0348958 0.0314815
2 33 0.109896 0.420833 0.034375 0.0324074
2 34 0.065625 0.480093 0.0322917 0.0287037
2 35 0.0614583 0.448611 0.0354167 0.0305556
2 40 0.263021 0.609259 0.03125 0.0296296
