2 0 0.794531 0.248611 0.0369792 0.0287037
2 1 0.652083 0.234722 0.034375 0.0268519
2 2 0.739062 0.275 0.0322917 0.0277778
2 3 0.650521 0.268981 0.0364583 0.0305556
2 4 0.805469 0.283333 0.0328125 0.0314815
2 5 0.87526 0.225 0.0328125 0.0259259
2 6 0.740625 0.306019 0.0354167 0.0287037
2 7 0.539583 0.227315 0.034375 0.0287037
2 8 0.411458 0.253241 0.0333333 0.0305556
2 9 0.26849 0.205093 0.0359375 0.0305556
2 10 0.302344 0.280556 0.0276042 0.0296296
2 11 0.385677 0.283333 0.0328125 0.0296296
2 12 0.121875 0.201852 0.0375 0.0314815
2 13 0.372135 0.0939815 0.0192708 0.0546296
2 14 0.38724 0.05 0.0161458 0.0537037
2 15 0.368229 0.0361111 0.01875 0.0481481
2 18 0.199219 0.473611 0.0296875 0.025
2 19 0.240365 0.431944 0.0359375 0.0287037
2 20 0.295312 0.490278 0.0333333 0.0305556
2 21 0.29401 0.5375 0.0338542 0.037963
2 22 0.24375 0.2375 0.0375 0.0305556
2 23 0.119531 0.266204 0.0317708 0.0305556
2 24 0.550781 0.519444 0.0348958 0.0333333
2 25 0.616406 0.49537 0.0328125 0.0333333
2 26 0.67474 0.475926 0.0307292 0.0296296
2 27 0.829427 0.480093 0.0338542 0.0287037
2 28 0.843229 0.561574 0.0364583 0.0287037
2 29 0.942187 0.521759 0.0260417 0.0268519
2 30 0.979688 0.499074 0.0208333 0.0240741
2 31 0.141667 0.831944 0.021875 0.0564815
2 32 0.216667 0.606019 0.0333333 0.0305556
5 1 0.64349 0.433333 0.0703125 0.0407407
5 2 0.371094 0.677778 0.0296875 0.105556
7 0 0.844271 0.316204 0.040625 0.0305556
7 1 0.551302 0.293519 0.0348958 0.0314815
2 33 0.129688 0.423148 0.034375 0.0314815
2 34 0.0825521 0.48287 0.0328125 0.0287037
2 35 0.0830729 0.451389 0.0359375 0.0305556
2 40 0.263021 0.611111 0.03125 0.0296296
