2 0 0.853385 0.243056 0.0380208 0.0287037
2 1 0.713542 0.231944 0.0354167 0.0268519
2 2 0.796875 0.271296 0.03125 0.0277778
2 3 0.706771 0.265278 0.0364583 0.0305556
2 4 0.866667 0.278241 0.0333333 0.0305556
2 5 0.928646 0.216667 0.0291667 0.0259259
2 6 0.794792 0.298611 0.0364583 0.0287037
2 7 0.598437 0.222222 0.034375 0.0277778
2 8 0.465625 0.247222 0.034375 0.0296296
2 9 0.33151 0.2 0.0348958 0.0314815
2 10 0.360156 0.271296 0.0276042 0.0296296
2 11 0.44401 0.276852 0.0328125 0.0277778
2 12 0.189844 0.199537 0.0359375 0.0342593
2 13 0.371094 0.0833333 0.0192708 0.0555556
2 14 0.386198 0.0398148 0.0161458 0.0537037
2 15 0.367188 0.0282407 0.0177083 0.0398148
2 18 0.117448 0.451852 0.0296875 0.0259259
2 19 0.158854 0.418981 0.034375 0.0287037
2 20 0.2 0.479167 0.0333333 0.0305556
2 21 0.253646 0.519907 0.0354167 0.0342593
2 22 0.301042 0.232407 0.0364583 0.0314815
2 23 0.181771 0.262037 0.03125 0.0296296
2 24 0.479688 0.505556 0.0354167 0.0333333
2 25 0.53099 0.478704 0.0338542 0.0333333
2 26 0.59401 0.458333 0.0307292 0.0296296
2 27 0.747135 0.463426 0.0317708 0.0305556
2 28 0.757292 0.541667 0.0364583 0.0296296
2 29 0.852344 0.503704 0.0296875 0.0277778
2 30 0.902865 0.480556 0.0234375 0.0259259
2 31 0.141667 0.820833 0.0208333 0.0564815
2 32 0.216927 0.59537 0.0328125 0.0314815
5 0 0.94974 0.440278 0.0463542 0.0416667
5 1 0.584115 0.418981 0.0682292 0.0416667
5 2 0.370833 0.668056 0.0291667 0.106481
7 0 0.897396 0.310648 0.040625 0.0287037
7 1 0.610937 0.285185 0.0354167 0.0314815
2 33 0.0486979 0.411111 0.0348958 0.0333333
2 40 0.26224 0.601852 0.0307292 0.0296296
