2 0 0.857552 0.24213 0.0380208 0.0287037
2 1 0.717708 0.231019 0.0354167 0.0268519
2 2 0.801042 0.27037 0.03125 0.0277778
2 3 0.710938 0.265278 0.0364583 0.0305556
2 4 0.871615 0.277315 0.0338542 0.0305556
2 5 0.932031 0.216667 0.0286458 0.0259259
2 6 0.798437 0.297685 0.0364583 0.0287037
2 7 0.602604 0.221296 0.034375 0.0277778
2 8 0.469271 0.246296 0.034375 0.0296296
2 9 0.335677 0.199074 0.0348958 0.0314815
2 10 0.364323 0.27037 0.0276042 0.0296296
2 11 0.447656 0.276852 0.0328125 0.0277778
2 12 0.194531 0.199537 0.0359375 0.0342593
2 13 0.371094 0.0828704 0.0192708 0.0564815
2 14 0.386198 0.0388889 0.0161458 0.0537037
2 15 0.367188 0.0277778 0.0177083 0.0388889
2 18 0.111719 0.45 0.0296875 0.0259259
2 19 0.153646 0.41713 0.034375 0.0287037
2 20 0.19375 0.477315 0.0333333 0.0305556
2 21 0.250521 0.518981 0.0354167 0.0342593
2 22 0.304688 0.232407 0.0364583 0.0314815
2 23 0.185937 0.261111 0.03125 0.0296296
2 24 0.474479 0.50463 0.0354167 0.0333333
2 25 0.52526 0.477778 0.0338542 0.0333333
2 26 0.588802 0.456481 0.0307292 0.0296296
2 27 0.741927 0.462963 0.0317708 0.0314815
2 28 0.751562 0.539815 0.0364583 0.0296296
2 29 0.845833 0.502778 0.0302083 0.0277778
2 30 0.897656 0.478704 0.0234375 0.0259259
2 31 0.141667 0.819907 0.0208333 0.0564815
2 32 0.216927 0.594444 0.0328125 0.0314815
5 0 0.945833 0.439352 0.0479167 0.0416667
5 1 0.580469 0.418056 0.0682292 0.0416667
5 2 0.370833 0.66713 0.0291667 0.106481
7 0 0.901042 0.310648 0.040625 0.0287037
7 1 0.615104 0.284259 0.0354167 0.0314815
2 33 0.0429688 0.410185 0.0348958 0.0333333
2 40 0.26224 0.601852 0.0307292 0.0296296
