2 0 0.836979 0.244907 0.0375 0.0287037
2 1 0.696615 0.23287 0.0348958 0.0268519
2 2 0.780729 0.273148 0.03125 0.0277778
2 3 0.691146 0.266204 0.0364583 0.0305556
2 4 0.847396 0.280093 0.0333333 0.0305556
2 5 0.914063 0.219444 0.0302083 0.0259259
2 6 0.780208 0.301389 0.0364583 0.0287037
2 7 0.581771 0.225 0.034375 0.0277778
2 8 0.451042 0.25 0.034375 0.0296296
2 9 0.314063 0.200926 0.0354167 0.0314815
2 10 0.345052 0.275 0.0276042 0.0296296
2 11 0.427865 0.27963 0.0328125 0.0277778
2 12 0.170833 0.2 0.0364583 0.0333333
2 13 0.371094 0.0861111 0.0192708 0.0555556
2 14 0.386198 0.0425926 0.0161458 0.0537037
2 15 0.367969 0.0300926 0.0182292 0.0416667
2 18 0.139844 0.459259 0.0296875 0.0259259
2 19 0.18151 0.422685 0.0348958 0.0287037
2 20 0.223958 0.484722 0.0333333 0.0305556
2 21 0.265885 0.524074 0.0348958 0.0351852
2 22 0.284896 0.234259 0.0364583 0.0314815
2 23 0.164583 0.262963 0.03125 0.0296296
2 24 0.499479 0.509259 0.0354167 0.0333333
2 25 0.554948 0.483333 0.0338542 0.0333333
2 26 0.616406 0.463889 0.0307292 0.0296296
2 27 0.769792 0.468981 0.0322917 0.0305556
2 28 0.781771 0.548148 0.0364583 0.0296296
2 29 0.876823 0.509259 0.0286458 0.0277778
2 30 0.923958 0.485185 0.0229167 0.0259259
2 31 0.141146 0.823611 0.0208333 0.0564815
2 32 0.216927 0.598148 0.0328125 0.0314815
5 0 0.964844 0.443519 0.0390625 0.0425926
5 1 0.600521 0.422685 0.06875 0.0416667
5 2 0.370833 0.670833 0.0291667 0.106481
7 0 0.882813 0.312963 0.040625 0.0296296
7 1 0.594792 0.287963 0.0354167 0.0314815
2 33 0.0710938 0.414815 0.0348958 0.0333333
2 34 0.0325521 0.473611 0.0317708 0.0287037
2 40 0.26224 0.60463 0.0307292 0.0296296
