2 0 0.738802 0.250463 0.0359375 0.0287037
2 1 0.590104 0.237963 0.0333333 0.0277778
2 2 0.68099 0.278241 0.0328125 0.0287037
2 3 0.59349 0.272685 0.0359375 0.0305556
2 4 0.747917 0.2875 0.0322917 0.0324074
2 5 0.822135 0.226389 0.0369792 0.025
2 6 0.686198 0.309722 0.0348958 0.0287037
2 7 0.48099 0.230556 0.0338542 0.0296296
2 8 0.356771 0.255556 0.0322917 0.0314815
2 9 0.20599 0.210185 0.0369792 0.0296296
2 10 0.242188 0.283796 0.028125 0.0287037
2 11 0.327083 0.287037 0.0322917 0.0314815
2 12 0.0536458 0.203704 0.0385417 0.0296296
2 13 0.372396 0.10463 0.01875 0.0537037
2 14 0.38776 0.0597222 0.0161458 0.0546296
2 15 0.370052 0.0449074 0.0203125 0.0564815
2 18 0.280729 0.493981 0.0302083 0.0231481
2 19 0.321615 0.445833 0.0369792 0.0287037
2 20 0.392969 0.497222 0.0328125 0.0314815
2 21 0.32474 0.558333 0.0328125 0.0425926
2 22 0.186198 0.243056 0.0380208 0.0305556
2 23 0.0575521 0.271759 0.0328125 0.0324074
2 24 0.622135 0.53287 0.0338542 0.0324074
2 25 0.701823 0.509722 0.0317708 0.0324074
2 26 0.754948 0.488889 0.0296875 0.0296296
2 27 0.911458 0.493056 0.0354167 0.0268519
2 28 0.925521 0.574537 0.0364583 0.0268519
2 31 0.140885 0.843056 0.0223958 0.0564815
2 32 0.216667 0.616667 0.034375 0.0296296
5 1 0.702865 0.448148 0.0723958 0.0407407
5 2 0.371615 0.688889 0.0307292 0.105556
7 0 0.790365 0.32037 0.0401042 0.0314815
7 1 0.492448 0.294444 0.0338542 0.0314815
2 33 0.210156 0.436574 0.0338542 0.0305556
2 34 0.151042 0.49537 0.0333333 0.0277778
2 35 0.170833 0.464815 0.0364583 0.0296296
2 36 0.0567708 0.525 0.0333333 0.0314815
2 37 0.0434896 0.443519 0.0328125 0.0296296
7 2 0.0367187 0.489352 0.0369792 0.0287037
2 38 0.957812 0.330093 0.0302083 0.0268519
2 40 0.264062 0.621296 0.0322917 0.0296296
