2 0 0.917448 0.234259 0.0390625 0.0277778
2 1 0.776302 0.219444 0.0369792 0.0259259
2 2 0.861458 0.258333 0.0302083 0.0277778
2 3 0.76875 0.253241 0.0364583 0.0305556
2 4 0.941146 0.268056 0.034375 0.0287037
2 5 0.985156 0.206019 0.0244792 0.0268519
2 6 0.852083 0.286574 0.0375 0.0287037
2 7 0.663542 0.208796 0.034375 0.0268519
2 8 0.522656 0.235648 0.0359375 0.0287037
2 9 0.398698 0.193981 0.0338542 0.0324074
2 10 0.420573 0.25787 0.0276042 0.0305556
2 11 0.50599 0.266204 0.0328125 0.025
2 12 0.261979 0.184722 0.034375 0.0361111
2 13 0.370313 0.0722222 0.0197917 0.0574074
2 14 0.385156 0.0282407 0.0161458 0.0527778
2 15 0.365885 0.0189815 0.0161458 0.0305556
2 16 0.0289063 0.13287 0.0328125 0.0287037
2 17 0.0239583 0.233333 0.0322917 0.0277778
2 18 0.0299479 0.423148 0.0296875 0.0277778
2 19 0.0723958 0.394907 0.0333333 0.0287037
2 20 0.10625 0.456481 0.0333333 0.0296296
2 21 0.205469 0.500926 0.0369792 0.0296296
2 22 0.361979 0.226852 0.0354167 0.0314815
2 23 0.247656 0.246759 0.0307292 0.0287037
2 24 0.402865 0.48287 0.0359375 0.0342593
2 25 0.438802 0.45463 0.0348958 0.0333333
2 26 0.508333 0.436574 0.03125 0.0287037
2 27 0.659896 0.443519 0.0302083 0.0333333
2 28 0.664844 0.517593 0.0369792 0.0314815
2 29 0.75599 0.484722 0.0338542 0.0287037
2 30 0.820833 0.460185 0.0260417 0.0277778
2 31 0.141667 0.808796 0.0197917 0.0564815
2 32 0.216927 0.583796 0.0317708 0.0324074
5 0 0.891667 0.427778 0.075 0.0407407
5 1 0.521094 0.403241 0.0661458 0.0416667
5 2 0.370313 0.656018 0.028125 0.106481
7 0 0.954167 0.296759 0.040625 0.0268519
7 1 0.675 0.275 0.0364583 0.0314815
2 40 0.261198 0.591667 0.0296875 0.0296296
