2 0 0.845312 0.243981 0.0375 0.0287037
2 1 0.705208 0.231944 0.0354167 0.0268519
2 2 0.788542 0.272222 0.03125 0.0277778
2 3 0.698958 0.266204 0.0364583 0.0305556
2 4 0.856771 0.279167 0.0333333 0.0305556
2 5 0.921094 0.218519 0.0296875 0.0259259
2 6 0.7875 0.299537 0.0364583 0.0287037
2 7 0.590104 0.224074 0.034375 0.0277778
2 8 0.458333 0.248148 0.034375 0.0296296
2 9 0.322917 0.200926 0.0354167 0.0314815
2 10 0.352865 0.273148 0.0276042 0.0296296
2 11 0.435677 0.277778 0.0328125 0.0277778
2 12 0.180729 0.2 0.0364583 0.0333333
2 13 0.371094 0.0851852 0.0192708 0.0555556
2 14 0.386198 0.0407407 0.0161458 0.0537037
2 15 0.367188 0.0287037 0.0177083 0.0407407
2 18 0.128906 0.455556 0.0296875 0.0259259
2 19 0.170312 0.420833 0.034375 0.0287037
2 20 0.211979 0.481944 0.0333333 0.0305556
2 21 0.259896 0.521759 0.0354167 0.0342593
2 22 0.292708 0.233333 0.0364583 0.0314815
2 23 0.172917 0.262037 0.03125 0.0296296
2 24 0.489583 0.507407 0.0354167 0.0333333
2 25 0.542969 0.481481 0.0338542 0.0333333
2 26 0.605469 0.461111 0.0307292 0.0296296
2 27 0.758854 0.466204 0.0322917 0.0305556
2 28 0.769792 0.54537 0.0364583 0.0296296
2 29 0.864583 0.506481 0.0291667 0.0277778
2 30 0.913542 0.482407 0.0229167 0.0259259
2 31 0.141667 0.822685 0.0208333 0.0564815
2 32 0.216927 0.597222 0.0328125 0.0314815
5 0 0.957292 0.442593 0.0427083 0.0425926
5 1 0.592708 0.420833 0.06875 0.0416667
5 2 0.370833 0.668981 0.0291667 0.106481
7 0 0.890104 0.311574 0.040625 0.0287037
7 1 0.602604 0.286111 0.0354167 0.0314815
2 33 0.0601562 0.412963 0.0348958 0.0333333
2 34 0.0231771 0.471759 0.0317708 0.0287037
2 40 0.26224 0.603704 0.0307292 0.0296296
