2 0 0.802344 0.248611 0.0369792 0.0287037
2 1 0.660417 0.234722 0.034375 0.0268519
2 2 0.746615 0.274074 0.0317708 0.0277778
2 3 0.658333 0.268056 0.0364583 0.0305556
2 4 0.813281 0.282407 0.0328125 0.0314815
2 5 0.882813 0.224074 0.0322917 0.0259259
2 6 0.748698 0.306019 0.0359375 0.0287037
2 7 0.547396 0.227315 0.034375 0.0287037
2 8 0.41875 0.252778 0.0333333 0.0296296
2 9 0.277344 0.204167 0.0359375 0.0305556
2 10 0.310677 0.27963 0.0276042 0.0296296
2 11 0.39401 0.283333 0.0328125 0.0296296
2 12 0.13099 0.201389 0.0369792 0.0324074
2 13 0.371615 0.0921296 0.0192708 0.0546296
2 14 0.386719 0.0481481 0.0161458 0.0537037
2 15 0.368229 0.0356481 0.01875 0.0472222
2 18 0.18776 0.470833 0.0296875 0.025
2 19 0.229167 0.430093 0.0354167 0.0287037
2 20 0.281771 0.489352 0.0333333 0.0305556
2 21 0.290104 0.535648 0.034375 0.037963
2 22 0.251302 0.236574 0.0369792 0.0305556
2 23 0.127865 0.266204 0.0317708 0.0305556
2 24 0.540885 0.517593 0.0348958 0.0333333
2 25 0.604948 0.492593 0.0328125 0.0333333
2 26 0.663281 0.474074 0.0307292 0.0296296
2 27 0.817708 0.478241 0.0333333 0.0287037
2 28 0.831771 0.559722 0.0364583 0.0287037
2 29 0.929948 0.519907 0.0265625 0.0268519
2 30 0.96901 0.496296 0.0213542 0.0240741
2 31 0.141406 0.830093 0.0213542 0.0564815
2 32 0.216667 0.604167 0.0333333 0.0305556
5 1 0.634896 0.430556 0.0697917 0.0407407
5 2 0.371094 0.676852 0.0296875 0.105556
7 0 0.851563 0.315278 0.040625 0.0305556
7 1 0.559635 0.292593 0.0348958 0.0314815
2 33 0.118229 0.421759 0.034375 0.0324074
2 34 0.0729167 0.481019 0.0322917 0.0287037
2 35 0.0710938 0.449537 0.0359375 0.0305556
2 40 0.263021 0.610185 0.03125 0.0296296
