2 0 0.859635 0.24213 0.0380208 0.0287037
2 1 0.719792 0.231019 0.0354167 0.0268519
2 2 0.803125 0.27037 0.03125 0.0277778
2 3 0.713021 0.265278 0.0364583 0.0305556
2 4 0.874219 0.276852 0.0338542 0.0296296
2 5 0.934115 0.215741 0.0286458 0.0259259
2 6 0.800521 0.297685 0.0364583 0.0287037
2 7 0.604688 0.221296 0.034375 0.0277778
2 8 0.470833 0.246296 0.034375 0.0296296
2 9 0.33776 0.199074 0.0348958 0.0314815
2 10 0.366406 0.27037 0.0276042 0.0296296
2 11 0.44974 0.275463 0.0328125 0.0268519
2 12 0.196615 0.199537 0.0359375 0.0342593
2 13 0.371094 0.0828704 0.0192708 0.0564815
2 14 0.386198 0.0388889 0.0161458 0.0537037
2 15 0.367188 0.0268519 0.0177083 0.0388889
2 18 0.109115 0.449537 0.0296875 0.0268519
2 19 0.150521 0.416204 0.034375 0.0287037
2 20 0.190625 0.476389 0.0333333 0.0305556
2 21 0.248958 0.517593 0.0354167 0.0333333
2 22 0.306771 0.232407 0.0364583 0.0314815
2 23 0.188021 0.261111 0.03125 0.0296296
2 24 0.471875 0.503704 0.0354167 0.0333333
2 25 0.522135 0.476852 0.0338542 0.0333333
2 26 0.585677 0.455556 0.0307292 0.0296296
2 27 0.738802 0.462037 0.0317708 0.0314815
2 28 0.748438 0.539815 0.0364583 0.0296296
2 29 0.842708 0.501852 0.0302083 0.0277778
2 30 0.895052 0.477778 0.0234375 0.0259259
2 31 0.141667 0.819907 0.0208333 0.0564815
2 32 0.216667 0.594444 0.0322917 0.0314815
5 0 0.944271 0.439352 0.0489583 0.0416667
5 1 0.578385 0.41713 0.0682292 0.0416667
5 2 0.370573 0.66713 0.0286458 0.106481
7 0 0.903125 0.310648 0.040625 0.0287037
7 1 0.617448 0.284259 0.0359375 0.0314815
2 33 0.0403646 0.409259 0.0348958 0.0333333
2 40 0.261979 0.600926 0.0302083 0.0296296
