2 0 0.780729 0.249537 0.0364583 0.0287037
2 1 0.636719 0.236111 0.0338542 0.0277778
2 2 0.725 0.276389 0.0322917 0.0287037
2 3 0.636198 0.269907 0.0359375 0.0305556
2 4 0.791927 0.284259 0.0328125 0.0314815
2 5 0.86224 0.225 0.0338542 0.0259259
2 6 0.727604 0.306944 0.0354167 0.0287037
2 7 0.525521 0.228241 0.034375 0.0287037
2 8 0.398177 0.254167 0.0328125 0.0305556
2 9 0.253646 0.206019 0.0364583 0.0305556
2 10 0.28776 0.281481 0.0276042 0.0296296
2 11 0.371615 0.284722 0.0328125 0.0305556
2 12 0.105208 0.201852 0.0375 0.0314815
2 13 0.372135 0.0967593 0.0192708 0.0546296
2 14 0.38724 0.0518519 0.0161458 0.0537037
2 15 0.36901 0.037963 0.0192708 0.05
2 18 0.21849 0.479167 0.0296875 0.025
2 19 0.259635 0.435648 0.0359375 0.0287037
2 20 0.31875 0.491204 0.0333333 0.0305556
2 21 0.301823 0.542593 0.0338542 0.0388889
2 22 0.229687 0.239352 0.0375 0.0305556
2 23 0.104687 0.268519 0.0322917 0.0314815
2 24 0.568229 0.522685 0.034375 0.0324074
2 25 0.636979 0.498611 0.0322917 0.0324074
2 26 0.69375 0.478704 0.0302083 0.0296296
2 27 0.849219 0.482407 0.0338542 0.0277778
2 28 0.863021 0.564815 0.0364583 0.0277778
2 29 0.963802 0.526389 0.0255208 0.0268519
2 31 0.141146 0.834722 0.021875 0.0564815
2 32 0.216667 0.608796 0.0333333 0.0305556
5 1 0.657812 0.436111 0.0708333 0.0407407
5 2 0.371094 0.680556 0.0296875 0.105556
7 0 0.83099 0.316204 0.0401042 0.0305556
7 1 0.53724 0.293519 0.0348958 0.0314815
2 33 0.148958 0.426852 0.034375 0.0314815
2 34 0.0986979 0.486111 0.0328125 0.0277778
2 35 0.104427 0.455093 0.0359375 0.0305556
2 40 0.263021 0.613889 0.03125 0.0296296
