2 0 0.834896 0.244907 0.0375 0.0287037
2 1 0.694531 0.23287 0.0348958 0.0268519
2 2 0.778646 0.273148 0.03125 0.0277778
2 3 0.689583 0.266204 0.0364583 0.0305556
2 4 0.845312 0.280093 0.0333333 0.0305556
2 5 0.911979 0.22037 0.0302083 0.0259259
2 6 0.778646 0.301389 0.0364583 0.0287037
2 7 0.579687 0.225 0.034375 0.0277778
2 8 0.448698 0.25 0.0338542 0.0296296
2 9 0.311979 0.201852 0.0354167 0.0314815
2 10 0.342969 0.275 0.0276042 0.0296296
2 11 0.425781 0.27963 0.0328125 0.0277778
2 12 0.16875 0.2 0.0364583 0.0333333
2 13 0.371094 0.087037 0.0192708 0.0555556
2 14 0.386198 0.0425926 0.0161458 0.0537037
2 15 0.367969 0.0305556 0.0182292 0.0425926
2 18 0.142969 0.460185 0.0296875 0.0259259
2 19 0.184115 0.422685 0.0348958 0.0287037
2 20 0.227604 0.484722 0.0333333 0.0305556
2 21 0.267448 0.525 0.0348958 0.0351852
2 22 0.282813 0.234259 0.0364583 0.0314815
2 23 0.16224 0.263426 0.0317708 0.0305556
2 24 0.501562 0.510185 0.0354167 0.0333333
2 25 0.557813 0.484259 0.0333333 0.0333333
2 26 0.61901 0.463889 0.0307292 0.0296296
2 27 0.772917 0.469907 0.0322917 0.0305556
2 28 0.784375 0.549074 0.0364583 0.0296296
2 29 0.879948 0.509259 0.0286458 0.0277778
2 30 0.926562 0.485648 0.0229167 0.025
2 31 0.141146 0.824537 0.0208333 0.0564815
2 32 0.216927 0.599074 0.0328125 0.0314815
5 0 0.966927 0.444444 0.0380208 0.0425926
5 1 0.602604 0.423611 0.06875 0.0416667
5 2 0.370833 0.670833 0.0291667 0.106481
7 0 0.88125 0.312963 0.040625 0.0296296
7 1 0.592708 0.287963 0.0354167 0.0314815
2 33 0.0734375 0.414815 0.034375 0.0333333
2 34 0.0346354 0.474537 0.0317708 0.0287037
2 35 0.0223958 0.44213 0.0354167 0.0305556
2 40 0.26224 0.60463 0.0307292 0.0296296
