2 0 0.824479 0.246759 0.0375 0.0287037
2 1 0.683594 0.23287 0.0348958 0.0268519
2 2 0.76901 0.273148 0.0317708 0.0277778
2 3 0.679688 0.26713 0.0364583 0.0305556
2 4 0.835417 0.281019 0.0333333 0.0305556
2 5 0.902865 0.222222 0.0307292 0.0259259
2 6 0.76901 0.303241 0.0359375 0.0287037
2 7 0.569792 0.225926 0.034375 0.0277778
2 8 0.439844 0.251852 0.0338542 0.0296296
2 9 0.301042 0.202778 0.0354167 0.0314815
2 10 0.333073 0.277778 0.0276042 0.0296296
2 11 0.415885 0.281944 0.0328125 0.0287037
2 12 0.157031 0.200926 0.0369792 0.0333333
2 13 0.371615 0.0888889 0.0192708 0.0555556
2 14 0.386719 0.0444444 0.0161458 0.0537037
2 15 0.367969 0.0319444 0.0182292 0.0435185
2 18 0.157031 0.463889 0.0296875 0.0259259
2 19 0.198177 0.425463 0.0348958 0.0287037
2 20 0.244271 0.486574 0.0333333 0.0305556
2 21 0.27526 0.528241 0.0348958 0.0361111
2 22 0.273177 0.235185 0.0369792 0.0314815
2 23 0.151823 0.264352 0.0317708 0.0305556
2 24 0.513802 0.512037 0.0348958 0.0333333
2 25 0.572396 0.487037 0.0333333 0.0333333
2 26 0.633073 0.467593 0.0307292 0.0296296
2 27 0.786719 0.473148 0.0328125 0.0296296
2 28 0.799479 0.553241 0.0364583 0.0287037
2 29 0.895833 0.512963 0.028125 0.0277778
2 30 0.939844 0.489352 0.0223958 0.025
2 31 0.141406 0.826389 0.0213542 0.0564815
2 32 0.216927 0.600926 0.0328125 0.0314815
5 0 0.976042 0.446296 0.0333333 0.0425926
5 1 0.61276 0.425463 0.0692708 0.0416667
5 2 0.370833 0.672685 0.0291667 0.106481
7 0 0.871875 0.312963 0.040625 0.0296296
7 1 0.582292 0.289815 0.0354167 0.0314815
2 33 0.0875 0.41713 0.034375 0.0324074
2 34 0.046875 0.476389 0.0322917 0.0287037
2 35 0.0375 0.444907 0.0354167 0.0305556
2 40 0.26224 0.606481 0.0307292 0.0296296
