2 0 0.822396 0.246759 0.0375 0.0287037
2 1 0.68151 0.233796 0.0348958 0.0268519
2 2 0.766927 0.273148 0.0317708 0.0277778
2 3 0.677604 0.26713 0.0364583 0.0305556
2 4 0.833333 0.281019 0.0333333 0.0305556
2 5 0.901042 0.222222 0.03125 0.0259259
2 6 0.767448 0.304167 0.0359375 0.0287037
2 7 0.567708 0.225926 0.034375 0.0277778
2 8 0.43776 0.251852 0.0338542 0.0296296
2 9 0.298958 0.202778 0.0354167 0.0314815
2 10 0.33099 0.277778 0.0276042 0.0296296
2 11 0.413802 0.281944 0.0328125 0.0287037
2 12 0.154427 0.200463 0.0369792 0.0324074
2 13 0.371615 0.0888889 0.0192708 0.0555556
2 14 0.386719 0.0444444 0.0161458 0.0537037
2 15 0.367969 0.0324074 0.0182292 0.0444444
2 18 0.159635 0.463889 0.0296875 0.0259259
2 19 0.200781 0.425463 0.0348958 0.0287037
2 20 0.247917 0.486574 0.0333333 0.0305556
2 21 0.276823 0.528241 0.0348958 0.0361111
2 22 0.271094 0.235185 0.0369792 0.0314815
2 23 0.14974 0.264352 0.0317708 0.0305556
2 24 0.516406 0.512963 0.0348958 0.0333333
2 25 0.575521 0.487037 0.0333333 0.0333333
2 26 0.635677 0.468519 0.0307292 0.0296296
2 27 0.789844 0.473148 0.0328125 0.0296296
2 28 0.802604 0.553241 0.0364583 0.0287037
2 29 0.898958 0.513889 0.028125 0.0277778
2 30 0.942448 0.490278 0.0223958 0.025
2 31 0.141406 0.826389 0.0213542 0.0564815
2 32 0.216927 0.600926 0.0328125 0.0314815
5 0 0.978125 0.446296 0.0322917 0.0425926
5 1 0.614844 0.426389 0.0692708 0.0416667
5 2 0.370833 0.673611 0.0291667 0.106481
7 0 0.869792 0.313889 0.040625 0.0296296
7 1 0.580208 0.289815 0.0354167 0.0314815
2 33 0.090625 0.41713 0.034375 0.0324074
2 34 0.0489583 0.477315 0.0322917 0.0287037
2 35 0.040625 0.444907 0.0354167 0.0305556
2 40 0.26224 0.606481 0.0307292 0.0296296
