2 0 0.878125 0.238889 0.0385417 0.0277778
2 1 0.73776 0.227315 0.0359375 0.0268519
2 2 0.821615 0.266667 0.0307292 0.0277778
2 3 0.730729 0.261574 0.0364583 0.0305556
2 4 0.895573 0.274074 0.0338542 0.0296296
2 5 0.950521 0.213426 0.0270833 0.0268519
2 6 0.817448 0.293981 0.0369792 0.0287037
2 7 0.623438 0.217593 0.034375 0.0277778
2 8 0.48724 0.24213 0.0348958 0.0287037
2 9 0.357292 0.197222 0.034375 0.0314815
2 10 0.383594 0.266204 0.0276042 0.0305556
2 11 0.467969 0.272685 0.0328125 0.0268519
2 12 0.217708 0.19537 0.0354167 0.0351852
2 13 0.370833 0.0791667 0.0197917 0.0564815
2 14 0.385677 0.0347222 0.0161458 0.0527778
2 15 0.366927 0.024537 0.0171875 0.0361111
2 18 0.0835937 0.441204 0.0296875 0.0268519
2 19 0.12526 0.409722 0.0338542 0.0287037
2 20 0.163542 0.470833 0.0333333 0.0305556
2 21 0.234635 0.5125 0.0359375 0.0324074
2 22 0.32474 0.230556 0.0359375 0.0314815
2 23 0.207292 0.256481 0.03125 0.0296296
2 24 0.449479 0.497222 0.0354167 0.0333333
2 25 0.495313 0.469444 0.034375 0.0333333
2 26 0.560938 0.449537 0.03125 0.0287037
2 27 0.713542 0.455556 0.03125 0.0314815
2 28 0.721615 0.53287 0.0369792 0.0305556
2 29 0.815104 0.496296 0.03125 0.0277778
2 30 0.871094 0.472685 0.0244792 0.0268519
2 31 0.141406 0.816204 0.0203125 0.0564815
2 32 0.216667 0.590741 0.0322917 0.0314815
5 0 0.927083 0.435648 0.0572917 0.0416667
5 1 0.559896 0.4125 0.0677083 0.0416667
5 2 0.370573 0.663426 0.0286458 0.106481
7 0 0.919792 0.306481 0.040625 0.0277778
7 1 0.635677 0.281481 0.0359375 0.0314815
2 40 0.261979 0.598148 0.0302083 0.0296296
