2 0 0.888542 0.237963 0.0385417 0.0277778
2 1 0.747917 0.225 0.0364583 0.0259259
2 2 0.832552 0.264815 0.0307292 0.0277778
2 3 0.741146 0.259722 0.0364583 0.0305556
2 4 0.907552 0.273148 0.0338542 0.0296296
2 5 0.959635 0.211574 0.0265625 0.0268519
2 6 0.826302 0.29213 0.0369792 0.0287037
2 7 0.634375 0.215278 0.034375 0.0268519
2 8 0.496875 0.241204 0.0354167 0.0287037
2 9 0.368229 0.196759 0.034375 0.0324074
2 10 0.39349 0.264352 0.0276042 0.0305556
2 11 0.477865 0.271296 0.0328125 0.0259259
2 12 0.229687 0.192593 0.0354167 0.0351852
2 13 0.370833 0.0773148 0.0197917 0.0564815
2 14 0.385677 0.0337963 0.0161458 0.0527778
2 15 0.366667 0.0231481 0.0166667 0.0351852
2 16 0.0117188 0.14213 0.0203125 0.0305556
2 18 0.0695312 0.435648 0.0296875 0.0268519
2 19 0.111719 0.406019 0.0338542 0.0287037
2 20 0.148438 0.466667 0.0333333 0.0296296
2 21 0.227083 0.509259 0.0364583 0.0314815
2 22 0.334635 0.22963 0.0359375 0.0314815
2 23 0.217708 0.253704 0.03125 0.0296296
2 24 0.43776 0.493981 0.0359375 0.0342593
2 25 0.480208 0.465741 0.034375 0.0333333
2 26 0.547396 0.445833 0.03125 0.0287037
2 27 0.699479 0.452315 0.03125 0.0324074
2 28 0.70651 0.528241 0.0369792 0.0305556
2 29 0.799219 0.493056 0.0317708 0.0287037
2 30 0.857813 0.468981 0.025 0.0268519
2 31 0.141406 0.814352 0.0203125 0.0564815
2 32 0.217187 0.589352 0.0322917 0.0324074
5 0 0.917969 0.433796 0.0619792 0.0416667
5 1 0.54974 0.409722 0.0671875 0.0416667
5 2 0.370573 0.661574 0.0286458 0.106481
7 0 0.928646 0.303704 0.040625 0.0277778
7 1 0.646094 0.27963 0.0359375 0.0314815
2 40 0.261458 0.596296 0.0302083 0.0296296
