2 0 0.761719 0.249537 0.0359375 0.0287037
2 1 0.615885 0.237037 0.0338542 0.0277778
2 2 0.704948 0.277315 0.0328125 0.0287037
2 3 0.616927 0.270833 0.0359375 0.0305556
2 4 0.771875 0.285185 0.0322917 0.0314815
2 5 0.844271 0.225463 0.0354167 0.025
2 6 0.708594 0.30787 0.0348958 0.0287037
2 7 0.504948 0.229167 0.0338542 0.0287037
2 8 0.379427 0.254167 0.0328125 0.0305556
2 9 0.231771 0.20787 0.0364583 0.0305556
2 10 0.267188 0.28287 0.028125 0.0287037
2 11 0.351563 0.285648 0.0322917 0.0305556
2 12 0.0815104 0.203241 0.0380208 0.0305556
2 13 0.372396 0.1 0.01875 0.0537037
2 14 0.38776 0.0560185 0.0161458 0.0546296
2 15 0.369271 0.0412037 0.0197917 0.0527778
2 18 0.246875 0.486111 0.0302083 0.0240741
2 19 0.288021 0.440278 0.0364583 0.0287037
2 20 0.352344 0.494444 0.0328125 0.0314815
2 21 0.311979 0.55 0.0333333 0.0407407
2 22 0.210156 0.241204 0.0380208 0.0305556
2 23 0.0833333 0.269444 0.0322917 0.0314815
2 24 0.592708 0.527315 0.034375 0.0324074
2 25 0.666667 0.503241 0.0322917 0.0324074
2 26 0.721875 0.483333 0.0302083 0.0296296
2 27 0.877604 0.487963 0.034375 0.0277778
2 28 0.891667 0.569444 0.0364583 0.0277778
2 31 0.141406 0.838426 0.0223958 0.0564815
2 32 0.216927 0.6125 0.0338542 0.0305556
5 1 0.677865 0.441667 0.0713542 0.0407407
5 2 0.371354 0.684259 0.0302083 0.105556
7 0 0.81276 0.318519 0.0401042 0.0314815
7 1 0.516667 0.293519 0.034375 0.0314815
2 33 0.177083 0.431019 0.034375 0.0305556
2 34 0.122917 0.489815 0.0333333 0.0277778
2 35 0.134115 0.459259 0.0359375 0.0296296
2 36 0.0307292 0.520833 0.0333333 0.0287037
2 38 0.983594 0.330556 0.0286458 0.0296296
2 40 0.263281 0.616667 0.0317708 0.0296296
