2 0 0.872135 0.239815 0.0380208 0.0277778
2 1 0.732031 0.228241 0.0359375 0.0268519
2 2 0.815365 0.267593 0.0307292 0.0277778
2 3 0.725 0.2625 0.0364583 0.0305556
2 4 0.888281 0.275 0.0338542 0.0296296
2 5 0.945052 0.214352 0.0276042 0.0268519
2 6 0.811719 0.294907 0.0369792 0.0287037
2 7 0.617188 0.218519 0.034375 0.0277778
2 8 0.482031 0.244444 0.0348958 0.0296296
2 9 0.351302 0.198148 0.0348958 0.0314815
2 10 0.377865 0.268056 0.0276042 0.0305556
2 11 0.461719 0.273611 0.0328125 0.0268519
2 12 0.210938 0.196759 0.0354167 0.0342593
2 13 0.370833 0.0800926 0.0197917 0.0564815
2 14 0.385677 0.0365741 0.0161458 0.0527778
2 15 0.366927 0.025 0.0171875 0.037037
2 18 0.0919271 0.443981 0.0296875 0.0268519
2 19 0.133594 0.411574 0.0338542 0.0287037
2 20 0.172396 0.472685 0.0333333 0.0305556
2 21 0.239323 0.513426 0.0359375 0.0324074
2 22 0.31849 0.231481 0.0359375 0.0314815
2 23 0.201042 0.258333 0.03125 0.0296296
2 24 0.457292 0.499074 0.0354167 0.0333333
2 25 0.504687 0.472222 0.034375 0.0333333
2 26 0.569271 0.451389 0.03125 0.0287037
2 27 0.721875 0.457407 0.03125 0.0314815
2 28 0.73099 0.534722 0.0369792 0.0305556
2 29 0.824219 0.498148 0.0307292 0.0277778
2 30 0.879167 0.474537 0.0239583 0.0268519
2 31 0.141406 0.81713 0.0203125 0.0564815
2 32 0.216667 0.591667 0.0322917 0.0314815
5 0 0.933073 0.436574 0.0546875 0.0416667
5 1 0.566146 0.414352 0.0677083 0.0416667
5 2 0.370573 0.664352 0.0286458 0.106481
7 0 0.914063 0.30787 0.040625 0.0287037
7 1 0.629948 0.282407 0.0359375 0.0314815
2 33 0.0236979 0.406944 0.0348958 0.0342593
2 40 0.261979 0.599074 0.0302083 0.0296296
