2 0 0.909115 0.235185 0.0390625 0.0277778
2 1 0.76849 0.221296 0.0369792 0.0259259
2 2 0.853125 0.260185 0.0302083 0.0277778
2 3 0.760938 0.255093 0.0364583 0.0305556
2 4 0.931771 0.269907 0.034375 0.0287037
2 5 0.978125 0.20787 0.025 0.0268519
2 6 0.844792 0.288426 0.0375 0.0287037
2 7 0.655208 0.210648 0.034375 0.0268519
2 8 0.515365 0.2375 0.0359375 0.0287037
2 9 0.389844 0.194907 0.0338542 0.0324074
2 10 0.41276 0.259722 0.0276042 0.0305556
2 11 0.498177 0.268056 0.0328125 0.025
2 12 0.252865 0.186574 0.0348958 0.0361111
2 13 0.370313 0.0740741 0.0197917 0.0574074
2 14 0.385156 0.0300926 0.0161458 0.0527778
2 15 0.365885 0.0208333 0.0161458 0.0324074
2 16 0.0242187 0.135185 0.0296875 0.0296296
2 17 0.0166667 0.236111 0.025 0.0296296
2 18 0.0414063 0.426852 0.0296875 0.0277778
2 19 0.0838542 0.397685 0.0333333 0.0287037
2 20 0.118229 0.459259 0.0333333 0.0296296
2 21 0.211719 0.503241 0.0369792 0.0305556
2 22 0.354167 0.227778 0.0354167 0.0314815
2 23 0.238802 0.248611 0.0307292 0.0287037
2 24 0.41276 0.485648 0.0359375 0.0342593
2 25 0.450781 0.457407 0.0348958 0.0333333
2 26 0.519792 0.439352 0.03125 0.0287037
2 27 0.671615 0.446296 0.0307292 0.0333333
2 28 0.676823 0.52037 0.0369792 0.0314815
2 29 0.768229 0.486574 0.0333333 0.0287037
2 30 0.83151 0.462963 0.0255208 0.0277778
2 31 0.141667 0.810648 0.0197917 0.0564815
2 32 0.216927 0.585648 0.0317708 0.0324074
5 0 0.899219 0.42963 0.0713542 0.0407407
5 1 0.529167 0.405093 0.0666667 0.0416667
5 2 0.370313 0.65787 0.028125 0.106481
7 0 0.946875 0.298611 0.040625 0.0268519
7 1 0.666667 0.276852 0.0364583 0.0314815
2 40 0.261198 0.593518 0.0296875 0.0296296
