2 0 0.884375 0.238889 0.0385417 0.0277778
2 1 0.74401 0.226389 0.0359375 0.0268519
2 2 0.828385 0.265741 0.0307292 0.0277778
2 3 0.736979 0.259722 0.0364583 0.0305556
2 4 0.902865 0.273148 0.0338542 0.0296296
2 5 0.95625 0.2125 0.0270833 0.0268519
2 6 0.822656 0.293056 0.0369792 0.0287037
2 7 0.630208 0.215278 0.034375 0.0268519
2 8 0.493229 0.241204 0.0354167 0.0287037
2 9 0.364062 0.197222 0.034375 0.0314815
2 10 0.389844 0.265278 0.0276042 0.0305556
2 11 0.474219 0.271296 0.0328125 0.0259259
2 12 0.225 0.193519 0.0354167 0.0351852
2 13 0.370833 0.0782407 0.0197917 0.0564815
2 14 0.385677 0.0337963 0.0161458 0.0527778
2 15 0.366927 0.0240741 0.0171875 0.0351852
2 16 0.009375 0.142593 0.0177083 0.0314815
2 18 0.0752604 0.4375 0.0296875 0.0268519
2 19 0.116927 0.406944 0.0338542 0.0287037
2 20 0.154687 0.467593 0.0333333 0.0296296
2 21 0.229948 0.510648 0.0359375 0.0324074
2 22 0.330469 0.22963 0.0359375 0.0314815
2 23 0.213542 0.25463 0.03125 0.0296296
2 24 0.442187 0.494444 0.0354167 0.0333333
2 25 0.486458 0.467593 0.034375 0.0333333
2 26 0.552604 0.447685 0.03125 0.0287037
2 27 0.705208 0.454167 0.03125 0.0324074
2 28 0.71276 0.530093 0.0369792 0.0305556
2 29 0.805469 0.494907 0.0317708 0.0287037
2 30 0.863281 0.469907 0.0244792 0.0268519
2 31 0.141406 0.815278 0.0203125 0.0564815
2 32 0.216667 0.589815 0.0322917 0.0314815
5 0 0.921875 0.434722 0.0604167 0.0416667
5 1 0.553385 0.410648 0.0671875 0.0416667
5 2 0.370573 0.6625 0.0286458 0.106481
7 0 0.925 0.30463 0.040625 0.0277778
7 1 0.641927 0.280556 0.0359375 0.0314815
2 40 0.261979 0.597222 0.0302083 0.0296296
