2 0 0.880208 0.238889 0.0385417 0.0277778
2 1 0.739844 0.227315 0.0359375 0.0268519
2 2 0.823698 0.265741 0.0307292 0.0277778
2 3 0.732813 0.260648 0.0364583 0.0305556
2 4 0.898177 0.274074 0.0338542 0.0296296
2 5 0.952604 0.2125 0.0270833 0.0268519
2 6 0.81901 0.293981 0.0369792 0.0287037
2 7 0.626042 0.216204 0.034375 0.0268519
2 8 0.489323 0.24213 0.0348958 0.0287037
2 9 0.359375 0.197222 0.034375 0.0314815
2 10 0.385677 0.266204 0.0276042 0.0305556
2 11 0.470052 0.272685 0.0328125 0.0268519
2 12 0.220313 0.194444 0.0354167 0.0351852
2 13 0.370833 0.0791667 0.0197917 0.0564815
2 14 0.385677 0.0347222 0.0161458 0.0527778
2 15 0.366927 0.024537 0.0171875 0.0361111
2 16 0.00729167 0.143519 0.0145833 0.0314815
2 18 0.0809896 0.439352 0.0296875 0.0268519
2 19 0.122656 0.408796 0.0338542 0.0287037
2 20 0.160417 0.469444 0.0333333 0.0296296
2 21 0.233073 0.511574 0.0359375 0.0324074
2 22 0.326302 0.230556 0.0359375 0.0314815
2 23 0.209375 0.255556 0.03125 0.0296296
2 24 0.447396 0.496296 0.0354167 0.0333333
2 25 0.492708 0.468519 0.034375 0.0333333
2 26 0.558333 0.448611 0.03125 0.0287037
2 27 0.710938 0.45463 0.03125 0.0314815
2 28 0.71901 0.531944 0.0369792 0.0305556
2 29 0.811979 0.49537 0.03125 0.0277778
2 30 0.86849 0.471759 0.0244792 0.0268519
2 31 0.141406 0.816204 0.0203125 0.0564815
2 32 0.216667 0.590741 0.0322917 0.0314815
5 0 0.925521 0.435648 0.0583333 0.0416667
5 1 0.557552 0.411574 0.0671875 0.0416667
5 2 0.370573 0.663426 0.0286458 0.106481
7 0 0.921354 0.305556 0.040625 0.0277778
7 1 0.63776 0.280556 0.0359375 0.0314815
2 40 0.261979 0.598148 0.0302083 0.0296296
