2 0 0.80599 0.248611 0.0369792 0.0287037
2 1 0.664583 0.233796 0.034375 0.0268519
2 2 0.750781 0.274074 0.0317708 0.0277778
2 3 0.661979 0.268056 0.0364583 0.0305556
2 4 0.817448 0.282407 0.0328125 0.0314815
2 5 0.886458 0.224074 0.0322917 0.0259259
2 6 0.752344 0.306019 0.0359375 0.0287037
2 7 0.551562 0.227315 0.034375 0.0287037
2 8 0.422917 0.252778 0.0333333 0.0296296
2 9 0.282031 0.204167 0.0359375 0.0305556
2 10 0.314844 0.27963 0.0276042 0.0296296
2 11 0.397656 0.283333 0.0328125 0.0296296
2 12 0.135677 0.201389 0.0369792 0.0324074
2 13 0.371615 0.0921296 0.0192708 0.0546296
2 14 0.386719 0.0472222 0.0161458 0.0537037
2 15 0.368229 0.0342593 0.01875 0.0462963
2 18 0.182031 0.469907 0.0296875 0.025
2 19 0.223438 0.429167 0.0354167 0.0287037
2 20 0.275 0.488426 0.0333333 0.0305556
2 21 0.288021 0.533333 0.034375 0.037037
2 22 0.255469 0.236574 0.0369792 0.0305556
2 23 0.132552 0.265278 0.0317708 0.0305556
2 24 0.536198 0.516667 0.0348958 0.0333333
2 25 0.598698 0.491667 0.0328125 0.0333333
2 26 0.658073 0.473148 0.0307292 0.0296296
2 27 0.8125 0.477315 0.0333333 0.0287037
2 28 0.826042 0.558796 0.0364583 0.0287037
2 29 0.923437 0.518519 0.0270833 0.0277778
2 30 0.963802 0.494907 0.0213542 0.025
2 31 0.141406 0.830093 0.0213542 0.0564815
2 32 0.216667 0.604167 0.0333333 0.0305556
5 1 0.63125 0.42963 0.0697917 0.0407407
5 2 0.371094 0.675926 0.0296875 0.105556
7 0 0.855208 0.314815 0.040625 0.0296296
7 1 0.563802 0.292593 0.0348958 0.0314815
2 33 0.1125 0.420833 0.034375 0.0324074
2 34 0.0677083 0.481019 0.0322917 0.0287037
2 35 0.0645833 0.448611 0.0354167 0.0305556
2 40 0.263021 0.609259 0.03125 0.0296296
