2 0 0.769271 0.249537 0.0364583 0.0287037
2 1 0.624219 0.236111 0.0338542 0.0277778
2 2 0.7125 0.276389 0.0322917 0.0287037
2 3 0.62474 0.270833 0.0359375 0.0305556
2 4 0.779688 0.285185 0.0322917 0.0314815
2 5 0.851302 0.225926 0.0348958 0.0259259
2 6 0.716667 0.30787 0.0354167 0.0287037
2 7 0.513281 0.228241 0.0338542 0.0287037
2 8 0.386719 0.254167 0.0328125 0.0305556
2 9 0.240625 0.20787 0.0364583 0.0305556
2 10 0.27526 0.282407 0.0276042 0.0296296
2 11 0.359375 0.285648 0.0322917 0.0305556
2 12 0.0908854 0.202315 0.0380208 0.0305556
2 13 0.372135 0.0981481 0.0192708 0.0537037
2 14 0.38724 0.0537037 0.0161458 0.0537037
2 15 0.369271 0.0398148 0.0197917 0.0518519
2 18 0.235938 0.483333 0.0302083 0.0240741
2 19 0.276563 0.438426 0.0364583 0.0287037
2 20 0.338802 0.493519 0.0328125 0.0314815
2 21 0.307813 0.546759 0.0333333 0.0398148
2 22 0.217708 0.240278 0.0375 0.0305556
2 23 0.0916667 0.269444 0.0322917 0.0314815
2 24 0.582812 0.525463 0.034375 0.0324074
2 25 0.654688 0.501389 0.0322917 0.0324074
2 26 0.710417 0.481481 0.0302083 0.0296296
2 27 0.866146 0.486111 0.034375 0.0277778
2 28 0.880208 0.567593 0.0364583 0.0277778
2 29 0.982552 0.530093 0.0244792 0.0268519
2 31 0.141146 0.836574 0.021875 0.0564815
2 32 0.216927 0.610648 0.0338542 0.0305556
5 1 0.670052 0.439815 0.0713542 0.0407407
5 2 0.371354 0.683333 0.0302083 0.105556
7 0 0.820052 0.317593 0.0401042 0.0314815
7 1 0.525 0.293519 0.034375 0.0314815
2 33 0.165625 0.42963 0.034375 0.0314815
2 34 0.11276 0.488889 0.0328125 0.0277778
2 35 0.122135 0.457407 0.0359375 0.0296296
2 36 0.021875 0.519444 0.0333333 0.0277778
2 40 0.263281 0.615741 0.0317708 0.0296296
