2 0 0.915365 0.235185 0.0390625 0.0277778
2 1 0.774219 0.22037 0.0369792 0.0259259
2 2 0.859375 0.259259 0.0302083 0.0277778
2 3 0.766667 0.254167 0.0364583 0.0305556
2 4 0.939062 0.268981 0.034375 0.0287037
2 5 0.983854 0.206944 0.025 0.0268519
2 6 0.850521 0.2875 0.0375 0.0287037
2 7 0.661458 0.209722 0.034375 0.0268519
2 8 0.520573 0.236574 0.0359375 0.0287037
2 9 0.396615 0.193981 0.0338542 0.0324074
2 10 0.41901 0.258796 0.0276042 0.0305556
2 11 0.503906 0.26713 0.0328125 0.025
2 12 0.259896 0.184722 0.034375 0.0361111
2 13 0.370313 0.0731481 0.0197917 0.0574074
2 14 0.385156 0.0291667 0.0161458 0.0527778
2 15 0.365885 0.0194444 0.0161458 0.0314815
2 16 0.028125 0.13287 0.0322917 0.0287037
2 17 0.021875 0.234722 0.0302083 0.0287037
2 18 0.0330729 0.424074 0.0296875 0.0277778
2 19 0.0755208 0.395833 0.0333333 0.0287037
2 20 0.109375 0.457407 0.0333333 0.0296296
2 21 0.207031 0.500926 0.0369792 0.0296296
2 22 0.359896 0.226852 0.0354167 0.0314815
2 23 0.245573 0.246759 0.0307292 0.0287037
2 24 0.405469 0.483796 0.0359375 0.0342593
2 25 0.441927 0.455556 0.0348958 0.0333333
2 26 0.511458 0.436574 0.03125 0.0287037
2 27 0.663021 0.444444 0.0302083 0.0333333
2 28 0.667969 0.518519 0.0369792 0.0314815
2 29 0.759115 0.484722 0.0338542 0.0287037
2 30 0.823438 0.460185 0.0260417 0.0277778
2 31 0.141667 0.809722 0.0197917 0.0564815
2 32 0.216927 0.584722 0.0317708 0.0324074
5 0 0.893229 0.428704 0.0739583 0.0407407
5 1 0.523177 0.403241 0.0661458 0.0416667
5 2 0.370313 0.656944 0.028125 0.106481
7 0 0.952604 0.297685 0.040625 0.0268519
7 1 0.672917 0.275926 0.0364583 0.0314815
2 40 0.261198 0.592593 0.0296875 0.0296296
