2 0 0.732813 0.250463 0.0354167 0.0287037
2 1 0.583854 0.237963 0.0333333 0.0277778
2 2 0.675 0.278241 0.0333333 0.0287037
2 3 0.58724 0.272685 0.0359375 0.0305556
2 4 0.741927 0.2875 0.0317708 0.0324074
2 5 0.816406 0.226389 0.0369792 0.025
2 6 0.680208 0.309722 0.034375 0.0287037
2 7 0.47474 0.230556 0.0338542 0.0296296
2 8 0.351042 0.255556 0.0322917 0.0314815
2 9 0.199479 0.211111 0.0375 0.0296296
2 10 0.235938 0.284722 0.028125 0.0287037
2 11 0.321354 0.287037 0.0322917 0.0314815
2 12 0.0463542 0.203704 0.0385417 0.0296296
2 13 0.372917 0.105093 0.01875 0.0527778
2 14 0.388281 0.0606481 0.0161458 0.0546296
2 15 0.370052 0.0453704 0.0203125 0.0574074
2 18 0.289063 0.495833 0.0302083 0.0231481
2 19 0.329948 0.446759 0.0369792 0.0287037
2 20 0.403385 0.498148 0.0328125 0.0314815
2 21 0.327865 0.560185 0.0328125 0.0425926
2 22 0.180729 0.243981 0.0385417 0.0305556
2 23 0.0513021 0.272685 0.0328125 0.0324074
2 24 0.629948 0.533796 0.0338542 0.0324074
2 25 0.710677 0.511574 0.0317708 0.0324074
2 26 0.763281 0.490741 0.0296875 0.0296296
2 27 0.919792 0.493981 0.0354167 0.0268519
2 28 0.934375 0.575463 0.0364583 0.0268519
2 31 0.141146 0.843982 0.0229167 0.0564815
2 32 0.216667 0.617593 0.034375 0.0296296
5 1 0.708594 0.449074 0.0723958 0.0407407
5 2 0.371615 0.689815 0.0307292 0.105556
7 0 0.785156 0.320833 0.0401042 0.0324074
7 1 0.486198 0.294444 0.0338542 0.0314815
2 33 0.21849 0.437037 0.0338542 0.0296296
2 34 0.158073 0.497222 0.0338542 0.0277778
2 35 0.179688 0.465741 0.0364583 0.0296296
2 36 0.0630208 0.525926 0.0333333 0.0314815
2 37 0.0507813 0.444907 0.0338542 0.0287037
7 2 0.0442708 0.490278 0.0375 0.0287037
2 38 0.951302 0.330093 0.0307292 0.0268519
2 39 0.98151 0.301389 0.0244792 0.0268519
2 40 0.264062 0.622222 0.0322917 0.0296296
