2 0 0.828646 0.245833 0.0375 0.0287037
2 1 0.68776 0.23287 0.0348958 0.0268519
2 2 0.772656 0.273148 0.0317708 0.0277778
2 3 0.683333 0.26713 0.0364583 0.0305556
2 4 0.839583 0.281019 0.0333333 0.0305556
2 5 0.90651 0.221296 0.0307292 0.0259259
2 6 0.772656 0.303241 0.0359375 0.0287037
2 7 0.573958 0.225 0.034375 0.0277778
2 8 0.44349 0.250926 0.0338542 0.0296296
2 9 0.305729 0.201852 0.0354167 0.0314815
2 10 0.33724 0.276852 0.0276042 0.0296296
2 11 0.420052 0.281019 0.0328125 0.0287037
2 12 0.161458 0.200926 0.0364583 0.0333333
2 13 0.371615 0.087963 0.0192708 0.0555556
2 14 0.386719 0.0435185 0.0161458 0.0537037
2 15 0.367969 0.0319444 0.0182292 0.0435185
2 18 0.151302 0.462037 0.0296875 0.0259259
2 19 0.192448 0.424537 0.0348958 0.0287037
2 20 0.2375 0.485648 0.0333333 0.0305556
2 21 0.272135 0.527315 0.0348958 0.0361111
2 22 0.277344 0.235185 0.0369792 0.0314815
2 23 0.15599 0.264352 0.0317708 0.0305556
2 24 0.509115 0.511111 0.0348958 0.0333333
2 25 0.566667 0.486111 0.0333333 0.0333333
2 26 0.627344 0.466667 0.0307292 0.0296296
2 27 0.78151 0.471296 0.0328125 0.0296296
2 28 0.79375 0.551389 0.0364583 0.0287037
2 29 0.889583 0.512037 0.028125 0.0277778
2 30 0.934635 0.4875 0.0223958 0.025
2 31 0.141406 0.825463 0.0213542 0.0564815
2 32 0.216927 0.6 0.0328125 0.0314815
5 0 0.972135 0.44537 0.0348958 0.0425926
5 1 0.608594 0.424537 0.0692708 0.0416667
5 2 0.370833 0.672685 0.0291667 0.106481
7 0 0.875521 0.312963 0.040625 0.0296296
7 1 0.586458 0.288889 0.0354167 0.0314815
2 33 0.0817708 0.416667 0.034375 0.0333333
2 34 0.0421875 0.475463 0.0322917 0.0287037
2 35 0.03125 0.443981 0.0354167 0.0305556
2 40 0.26224 0.605556 0.0307292 0.0296296
