2 0 0.890625 0.237963 0.0385417 0.0277778
2 1 0.75 0.225 0.0364583 0.0259259
2 2 0.834635 0.263889 0.0307292 0.0277778
2 3 0.742708 0.258796 0.0364583 0.0305556
2 4 0.910156 0.272222 0.0338542 0.0296296
2 5 0.961719 0.210648 0.0265625 0.0268519
2 6 0.828385 0.29213 0.0369792 0.0287037
2 7 0.636458 0.214352 0.034375 0.0268519
2 8 0.498437 0.240278 0.0354167 0.0287037
2 9 0.370313 0.196759 0.034375 0.0324074
2 10 0.395573 0.264352 0.0276042 0.0305556
2 11 0.479948 0.27037 0.0328125 0.0259259
2 12 0.232292 0.191667 0.0354167 0.0351852
2 13 0.370833 0.0773148 0.0197917 0.0564815
2 14 0.385677 0.0328704 0.0161458 0.0527778
2 15 0.366667 0.0226852 0.0166667 0.0342593
2 16 0.0125 0.141204 0.021875 0.0305556
2 18 0.0669271 0.434722 0.0296875 0.0268519
2 19 0.109115 0.405093 0.0338542 0.0287037
2 20 0.145313 0.465741 0.0333333 0.0296296
2 21 0.225521 0.508333 0.0364583 0.0314815
2 22 0.336719 0.22963 0.0359375 0.0314815
2 23 0.220052 0.253241 0.0307292 0.0287037
2 24 0.435156 0.493056 0.0359375 0.0342593
2 25 0.477604 0.464815 0.034375 0.0333333
2 26 0.544271 0.444907 0.03125 0.0287037
2 27 0.696615 0.452315 0.0307292 0.0324074
2 28 0.703906 0.527315 0.0369792 0.0305556
2 29 0.796354 0.493056 0.0322917 0.0287037
2 30 0.855208 0.468056 0.025 0.0268519
2 31 0.141406 0.814352 0.0203125 0.0564815
2 32 0.217187 0.589352 0.0322917 0.0324074
5 0 0.915885 0.433796 0.0630208 0.0416667
5 1 0.547656 0.409722 0.0671875 0.0416667
5 2 0.370573 0.661574 0.0286458 0.106481
7 0 0.930729 0.303704 0.040625 0.0277778
7 1 0.648177 0.27963 0.0359375 0.0314815
2 40 0.261458 0.596296 0.0302083 0.0296296
