2 0 0.786458 0.248611 0.0364583 0.0287037
2 1 0.64375 0.234722 0.034375 0.0268519
2 2 0.730729 0.275 0.0322917 0.0277778
2 3 0.642708 0.269907 0.0364583 0.0305556
2 4 0.797656 0.283333 0.0328125 0.0314815
2 5 0.867708 0.225 0.0333333 0.0259259
2 6 0.733333 0.306944 0.0354167 0.0287037
2 7 0.53125 0.228241 0.034375 0.0287037
2 8 0.404167 0.253241 0.0333333 0.0305556
2 9 0.260417 0.206019 0.0364583 0.0305556
2 10 0.29401 0.281481 0.0276042 0.0296296
2 11 0.377865 0.284259 0.0328125 0.0296296
2 12 0.111979 0.201852 0.0375 0.0314815
2 13 0.372135 0.0958333 0.0192708 0.0546296
2 14 0.38724 0.0509259 0.0161458 0.0537037
2 15 0.36901 0.0375 0.0192708 0.0490741
2 18 0.210156 0.476389 0.0296875 0.025
2 19 0.251302 0.433796 0.0359375 0.0287037
2 20 0.308854 0.491204 0.0333333 0.0305556
2 21 0.298698 0.540741 0.0338542 0.0388889
2 22 0.235938 0.238426 0.0375 0.0305556
2 23 0.110937 0.267593 0.0322917 0.0314815
2 24 0.561198 0.521296 0.0348958 0.0333333
2 25 0.628385 0.497222 0.0328125 0.0333333
2 26 0.685417 0.477778 0.0302083 0.0296296
2 27 0.840885 0.481944 0.0338542 0.0287037
2 28 0.854688 0.562963 0.0364583 0.0277778
2 29 0.954427 0.524537 0.0255208 0.0268519
2 31 0.141146 0.833796 0.021875 0.0564815
2 32 0.216667 0.60787 0.0333333 0.0305556
5 1 0.651302 0.435185 0.0703125 0.0407407
5 2 0.371094 0.67963 0.0296875 0.105556
7 0 0.836719 0.316204 0.0401042 0.0305556
7 1 0.54349 0.293519 0.0348958 0.0314815
2 33 0.140625 0.425 0.034375 0.0314815
2 34 0.0919271 0.484722 0.0328125 0.0287037
2 35 0.0950521 0.453241 0.0359375 0.0305556
2 40 0.263021 0.612963 0.03125 0.0296296
