2 0 0.911198 0.235185 0.0390625 0.0277778
2 1 0.770573 0.221296 0.0369792 0.0259259
2 2 0.855208 0.260185 0.0302083 0.0277778
2 3 0.763021 0.255093 0.0364583 0.0305556
2 4 0.934375 0.268981 0.034375 0.0287037
2 5 0.979688 0.20787 0.025 0.0268519
2 6 0.846875 0.288426 0.0375 0.0287037
2 7 0.657292 0.210648 0.034375 0.0268519
2 8 0.516927 0.236574 0.0359375 0.0287037
2 9 0.391927 0.194907 0.0338542 0.0324074
2 10 0.414844 0.259722 0.0276042 0.0305556
2 11 0.50026 0.26713 0.0328125 0.025
2 12 0.255208 0.186574 0.034375 0.0361111
2 13 0.370313 0.0740741 0.0197917 0.0574074
2 14 0.385156 0.0291667 0.0161458 0.0527778
2 15 0.365885 0.0203704 0.0161458 0.0314815
2 16 0.0252604 0.135185 0.0307292 0.0296296
2 17 0.0179687 0.235648 0.0265625 0.0287037
2 18 0.0388021 0.425926 0.0296875 0.0277778
2 19 0.0807292 0.396759 0.0333333 0.0287037
2 20 0.115104 0.458333 0.0333333 0.0296296
2 21 0.210156 0.502315 0.0369792 0.0305556
2 22 0.35625 0.227778 0.0354167 0.0314815
2 23 0.241406 0.247685 0.0307292 0.0287037
2 24 0.410156 0.484722 0.0359375 0.0342593
2 25 0.447656 0.456481 0.0348958 0.0333333
2 26 0.516667 0.438426 0.03125 0.0287037
2 27 0.668229 0.44537 0.0302083 0.0333333
2 28 0.673698 0.52037 0.0369792 0.0314815
2 29 0.765104 0.486574 0.0333333 0.0287037
2 30 0.828906 0.462037 0.0255208 0.0277778
2 31 0.141667 0.810648 0.0197917 0.0564815
2 32 0.216927 0.585648 0.0317708 0.0324074
5 0 0.897135 0.42963 0.0723958 0.0407407
5 1 0.527083 0.404167 0.0666667 0.0416667
5 2 0.370313 0.65787 0.028125 0.106481
7 0 0.948958 0.298611 0.040625 0.0268519
7 1 0.66875 0.275926 0.0364583 0.0314815
2 40 0.261198 0.592593 0.0296875 0.0296296
