2 0 0.886458 0.237963 0.0385417 0.0277778
2 1 0.746354 0.226389 0.0364583 0.0268519
2 2 0.830469 0.264815 0.0307292 0.0277778
2 3 0.739062 0.259722 0.0364583 0.0305556
2 4 0.904948 0.273148 0.0338542 0.0296296
2 5 0.958073 0.211574 0.0265625 0.0268519
2 6 0.82474 0.29213 0.0369792 0.0287037
2 7 0.632292 0.215278 0.034375 0.0268519
2 8 0.494792 0.241204 0.0354167 0.0287037
2 9 0.366146 0.196759 0.034375 0.0324074
2 10 0.391406 0.265278 0.0276042 0.0305556
2 11 0.475781 0.271296 0.0328125 0.0259259
2 12 0.227083 0.192593 0.0354167 0.0351852
2 13 0.370833 0.0782407 0.0197917 0.0564815
2 14 0.385677 0.0337963 0.0161458 0.0527778
2 15 0.366667 0.0231481 0.0166667 0.0351852
2 16 0.0106771 0.142593 0.0192708 0.0314815
2 18 0.0726563 0.436574 0.0296875 0.0268519
2 19 0.114323 0.406019 0.0338542 0.0287037
2 20 0.151562 0.466667 0.0333333 0.0296296
2 21 0.228385 0.509259 0.0359375 0.0314815
2 22 0.332552 0.22963 0.0359375 0.0314815
2 23 0.215625 0.25463 0.03125 0.0296296
2 24 0.439583 0.493519 0.0354167 0.0333333
2 25 0.483333 0.466667 0.034375 0.0333333
2 26 0.55 0.446759 0.03125 0.0287037
2 27 0.702604 0.453241 0.03125 0.0324074
2 28 0.709635 0.529167 0.0369792 0.0305556
2 29 0.802344 0.493981 0.0317708 0.0287037
2 30 0.860937 0.469907 0.025 0.0268519
2 31 0.141406 0.815278 0.0203125 0.0564815
2 32 0.217187 0.590278 0.0322917 0.0324074
5 0 0.919531 0.433796 0.0609375 0.0416667
5 1 0.551823 0.410648 0.0671875 0.0416667
5 2 0.370573 0.661574 0.0286458 0.106481
7 0 0.927083 0.30463 0.040625 0.0277778
7 1 0.64401 0.27963 0.0359375 0.0314815
2 40 0.261458 0.597222 0.0302083 0.0296296
