2 0 0.810156 0.247685 0.0369792 0.0287037
2 1 0.66875 0.233796 0.034375 0.0268519
2 2 0.754948 0.274074 0.0317708 0.0277778
2 3 0.666146 0.268056 0.0364583 0.0305556
2 4 0.821615 0.281944 0.0328125 0.0305556
2 5 0.889844 0.224074 0.0317708 0.0259259
2 6 0.75599 0.305093 0.0359375 0.0287037
2 7 0.555729 0.225926 0.034375 0.0277778
2 8 0.426562 0.252778 0.0333333 0.0296296
2 9 0.286198 0.203241 0.0359375 0.0305556
2 10 0.31901 0.27963 0.0276042 0.0296296
2 11 0.401823 0.28287 0.0328125 0.0287037
2 12 0.140365 0.201389 0.0369792 0.0324074
2 13 0.371615 0.0912037 0.0192708 0.0546296
2 14 0.386719 0.0472222 0.0161458 0.0537037
2 15 0.368229 0.0337963 0.01875 0.0453704
2 18 0.176823 0.468056 0.0296875 0.025
2 19 0.217708 0.428241 0.0354167 0.0287037
2 20 0.268229 0.4875 0.0333333 0.0305556
2 21 0.285937 0.532407 0.034375 0.037037
2 22 0.259635 0.236574 0.0369792 0.0305556
2 23 0.136719 0.265278 0.0317708 0.0305556
2 24 0.53099 0.515741 0.0348958 0.0333333
2 25 0.593229 0.490741 0.0333333 0.0333333
2 26 0.652344 0.472222 0.0307292 0.0296296
2 27 0.806771 0.476852 0.0333333 0.0296296
2 28 0.820313 0.55787 0.0364583 0.0287037
2 29 0.917188 0.517593 0.0270833 0.0277778
2 30 0.958333 0.493981 0.021875 0.025
2 31 0.141406 0.829167 0.0213542 0.0564815
2 32 0.216667 0.603241 0.0333333 0.0305556
5 1 0.627083 0.428704 0.0697917 0.0407407
5 2 0.371094 0.675 0.0296875 0.105556
7 0 0.858854 0.313889 0.040625 0.0296296
7 1 0.567969 0.291667 0.0348958 0.0314815
2 33 0.107292 0.419907 0.034375 0.0324074
2 34 0.0630208 0.480093 0.0322917 0.0287037
2 35 0.0588542 0.447685 0.0354167 0.0305556
2 40 0.263021 0.609259 0.03125 0.0296296
