2 0 0.728646 0.250463 0.0354167 0.0287037
2 1 0.579427 0.237963 0.0328125 0.0277778
2 2 0.670833 0.278241 0.0333333 0.0287037
2 3 0.583594 0.272685 0.0359375 0.0305556
2 4 0.73776 0.2875 0.0317708 0.0324074
2 5 0.8125 0.227315 0.0375 0.025
2 6 0.676562 0.309722 0.034375 0.0287037
2 7 0.470573 0.231481 0.0338542 0.0296296
2 8 0.347135 0.256481 0.0317708 0.0314815
2 9 0.195313 0.211111 0.0375 0.0296296
2 10 0.231771 0.284722 0.028125 0.0287037
2 11 0.317187 0.288426 0.0322917 0.0324074
2 12 0.0419271 0.203241 0.0390625 0.0287037
2 13 0.372917 0.106019 0.01875 0.0527778
2 14 0.388281 0.0615741 0.0161458 0.0546296
2 15 0.370313 0.0453704 0.0208333 0.0574074
2 18 0.294792 0.497685 0.0302083 0.0231481
2 19 0.335417 0.447685 0.0375 0.0287037
2 20 0.410156 0.499074 0.0328125 0.0314815
2 21 0.329688 0.562037 0.0322917 0.0425926
2 22 0.176563 0.243981 0.0385417 0.0305556
2 23 0.0471354 0.272685 0.0328125 0.0324074
2 24 0.634635 0.534722 0.0338542 0.0324074
2 25 0.716667 0.5125 0.03125 0.0324074
2 26 0.76849 0.491667 0.0296875 0.0296296
2 27 0.925521 0.494444 0.0354167 0.0259259
2 28 0.940104 0.576389 0.0364583 0.0268519
2 31 0.141146 0.844907 0.0229167 0.0564815
2 32 0.216667 0.618519 0.034375 0.0296296
5 1 0.71276 0.45 0.0723958 0.0407407
5 2 0.371615 0.690741 0.0307292 0.105556
7 0 0.78151 0.320833 0.0401042 0.0324074
7 1 0.482031 0.294444 0.0338542 0.0314815
2 33 0.224219 0.437963 0.0338542 0.0296296
2 34 0.16276 0.498148 0.0338542 0.0277778
2 35 0.185937 0.466667 0.0364583 0.0296296
2 36 0.0671875 0.527315 0.0333333 0.0324074
2 37 0.0557292 0.445833 0.034375 0.0287037
7 2 0.0494792 0.491204 0.0375 0.0287037
2 38 0.946875 0.32963 0.03125 0.0259259
2 39 0.978125 0.300463 0.0260417 0.0268519
2 40 0.264062 0.622222 0.0322917 0.0296296
