2 0 0.839063 0.244907 0.0375 0.0287037
2 1 0.698698 0.23287 0.0348958 0.0268519
2 2 0.782812 0.273148 0.03125 0.0277778
2 3 0.693229 0.266204 0.0364583 0.0305556
2 4 0.85 0.280093 0.0333333 0.0305556
2 5 0.916146 0.219444 0.0302083 0.0259259
2 6 0.782292 0.301389 0.0364583 0.0287037
2 7 0.583854 0.225 0.034375 0.0277778
2 8 0.452604 0.249074 0.034375 0.0296296
2 9 0.316667 0.200926 0.0354167 0.0314815
2 10 0.346615 0.274074 0.0276042 0.0296296
2 11 0.429948 0.278704 0.0328125 0.0277778
2 12 0.173438 0.2 0.0364583 0.0333333
2 13 0.371094 0.0861111 0.0192708 0.0555556
2 14 0.386198 0.0416667 0.0161458 0.0537037
2 15 0.367969 0.0300926 0.0182292 0.0416667
2 18 0.13724 0.458333 0.0296875 0.0259259
2 19 0.178906 0.421759 0.0348958 0.0287037
2 20 0.220833 0.483796 0.0333333 0.0305556
2 21 0.264323 0.524074 0.0348958 0.0351852
2 22 0.286979 0.234259 0.0364583 0.0314815
2 23 0.166667 0.262963 0.03125 0.0296296
2 24 0.496875 0.509259 0.0354167 0.0333333
2 25 0.551823 0.483333 0.0338542 0.0333333
2 26 0.613281 0.462963 0.0307292 0.0296296
2 27 0.767187 0.468056 0.0322917 0.0305556
2 28 0.778646 0.547222 0.0364583 0.0296296
2 29 0.873958 0.508333 0.0291667 0.0277778
2 30 0.921354 0.485185 0.0229167 0.0259259
2 31 0.141146 0.823611 0.0208333 0.0564815
2 32 0.216927 0.598148 0.0328125 0.0314815
5 0 0.963021 0.443519 0.0395833 0.0425926
5 1 0.598437 0.421759 0.06875 0.0416667
5 2 0.370833 0.670833 0.0291667 0.106481
7 0 0.884896 0.312037 0.040625 0.0296296
7 1 0.596875 0.287037 0.0354167 0.0314815
2 33 0.0684896 0.413889 0.0348958 0.0333333
2 34 0.0299479 0.473611 0.0317708 0.0287037
2 40 0.26224 0.60463 0.0307292 0.0296296
