2 0 0.855469 0.24213 0.0380208 0.0287037
2 1 0.715625 0.231944 0.0354167 0.0268519
2 2 0.798958 0.271296 0.03125 0.0277778
2 3 0.708854 0.265278 0.0364583 0.0305556
2 4 0.86875 0.277315 0.0333333 0.0305556
2 5 0.930469 0.216667 0.0286458 0.0259259
2 6 0.796875 0.297685 0.0364583 0.0287037
2 7 0.600521 0.222222 0.034375 0.0277778
2 8 0.467187 0.246296 0.034375 0.0296296
2 9 0.333594 0.2 0.0348958 0.0314815
2 10 0.36224 0.271296 0.0276042 0.0296296
2 11 0.446094 0.276852 0.0328125 0.0277778
2 12 0.191927 0.199537 0.0359375 0.0342593
2 13 0.371094 0.0833333 0.0192708 0.0555556
2 14 0.386198 0.0388889 0.0161458 0.0537037
2 15 0.367188 0.0282407 0.0177083 0.0398148
2 18 0.114844 0.450926 0.0296875 0.0259259
2 19 0.15625 0.418056 0.034375 0.0287037
2 20 0.196875 0.478241 0.0333333 0.0305556
2 21 0.252083 0.518981 0.0354167 0.0342593
2 22 0.303125 0.232407 0.0364583 0.0314815
2 23 0.183854 0.261111 0.03125 0.0296296
2 24 0.477083 0.505556 0.0354167 0.0333333
2 25 0.528385 0.477778 0.0338542 0.0333333
2 26 0.591406 0.457407 0.0307292 0.0296296
2 27 0.744531 0.4625 0.0317708 0.0305556
2 28 0.754687 0.540741 0.0364583 0.0296296
2 29 0.848958 0.502778 0.0302083 0.0277778
2 30 0.90026 0.47963 0.0234375 0.0259259
2 31 0.141667 0.820833 0.0208333 0.0564815
2 32 0.216927 0.59537 0.0328125 0.0314815
5 0 0.948177 0.440278 0.0473958 0.0416667
5 1 0.582031 0.418056 0.0682292 0.0416667
5 2 0.370833 0.66713 0.0291667 0.106481
7 0 0.899479 0.310648 0.040625 0.0287037
7 1 0.613021 0.285185 0.0354167 0.0314815
2 33 0.0460938 0.410185 0.0348958 0.0333333
2 40 0.26224 0.601852 0.0307292 0.0296296
