2 0 0.832812 0.244907 0.0375 0.0287037
2 1 0.692448 0.23287 0.0348958 0.0268519
2 2 0.776563 0.273148 0.03125 0.0277778
2 3 0.6875 0.26713 0.0364583 0.0305556
2 4 0.843229 0.280093 0.0333333 0.0305556
2 5 0.910417 0.22037 0.0302083 0.0259259
2 6 0.776302 0.302315 0.0359375 0.0287037
2 7 0.577604 0.225 0.034375 0.0277778
2 8 0.447135 0.250926 0.0338542 0.0296296
2 9 0.309896 0.201852 0.0354167 0.0314815
2 10 0.340885 0.275926 0.0276042 0.0296296
2 11 0.423698 0.280093 0.0328125 0.0287037
2 12 0.166146 0.200926 0.0364583 0.0333333
2 13 0.371615 0.087037 0.0192708 0.0555556
2 14 0.386719 0.0435185 0.0161458 0.0537037
2 15 0.367969 0.0305556 0.0182292 0.0425926
2 18 0.145573 0.460185 0.0296875 0.0259259
2 19 0.18724 0.423611 0.0348958 0.0287037
2 20 0.230729 0.485648 0.0333333 0.0305556
2 21 0.26901 0.525926 0.0348958 0.0351852
2 22 0.28151 0.234259 0.0369792 0.0314815
2 23 0.160156 0.263426 0.0317708 0.0305556
2 24 0.503906 0.510185 0.0348958 0.0333333
2 25 0.560417 0.485185 0.0333333 0.0333333
2 26 0.621615 0.464815 0.0307292 0.0296296
2 27 0.775521 0.470833 0.0322917 0.0305556
2 28 0.7875 0.55 0.0364583 0.0296296
2 29 0.883073 0.510185 0.0286458 0.0277778
2 30 0.929427 0.486574 0.0223958 0.025
2 31 0.141406 0.824537 0.0213542 0.0564815
2 32 0.216927 0.599074 0.0328125 0.0314815
5 0 0.96849 0.444444 0.0369792 0.0425926
5 1 0.604688 0.423611 0.06875 0.0416667
5 2 0.370833 0.671759 0.0291667 0.106481
7 0 0.879167 0.312963 0.040625 0.0296296
7 1 0.590625 0.287963 0.0354167 0.0314815
2 33 0.0765625 0.415741 0.034375 0.0333333
2 34 0.0375 0.474537 0.0322917 0.0287037
2 35 0.0255208 0.443056 0.0354167 0.0305556
2 40 0.26224 0.605556 0.0307292 0.0296296
