2 0 0.865885 0.240741 0.0380208 0.0277778
2 1 0.725781 0.230093 0.0359375 0.0268519
2 2 0.809375 0.268519 0.03125 0.0277778
2 3 0.71875 0.263426 0.0364583 0.0305556
2 4 0.88099 0.275926 0.0338542 0.0296296
2 5 0.939583 0.215278 0.028125 0.0268519
2 6 0.805729 0.295833 0.0364583 0.0287037
2 7 0.610937 0.219444 0.034375 0.0277778
2 8 0.476823 0.24537 0.0348958 0.0296296
2 9 0.344531 0.198148 0.0348958 0.0314815
2 10 0.372135 0.268519 0.0276042 0.0296296
2 11 0.45599 0.274537 0.0328125 0.0268519
2 12 0.203906 0.198611 0.0359375 0.0342593
2 13 0.371094 0.0819444 0.0192708 0.0564815
2 14 0.386198 0.037963 0.0161458 0.0537037
2 15 0.366927 0.0263889 0.0171875 0.037963
2 18 0.100781 0.446759 0.0296875 0.0268519
2 19 0.142188 0.414352 0.034375 0.0287037
2 20 0.181771 0.474537 0.0333333 0.0305556
2 21 0.24401 0.515741 0.0359375 0.0333333
2 22 0.313021 0.231481 0.0364583 0.0314815
2 23 0.194271 0.259259 0.03125 0.0296296
2 24 0.464583 0.501852 0.0354167 0.0333333
2 25 0.513281 0.474074 0.0338542 0.0333333
2 26 0.577344 0.453704 0.0307292 0.0296296
2 27 0.730469 0.460185 0.0317708 0.0314815
2 28 0.739583 0.537037 0.0364583 0.0296296
2 29 0.833594 0.5 0.0307292 0.0277778
2 30 0.886979 0.475926 0.0239583 0.0259259
2 31 0.141667 0.818981 0.0208333 0.0564815
2 32 0.216667 0.593518 0.0322917 0.0314815
5 0 0.938542 0.438426 0.0520833 0.0416667
5 1 0.571875 0.415278 0.0677083 0.0416667
5 2 0.370573 0.665278 0.0286458 0.106481
7 0 0.908854 0.309722 0.040625 0.0287037
7 1 0.623698 0.283333 0.0359375 0.0314815
2 33 0.0320312 0.408796 0.0348958 0.0342593
2 40 0.261979 0.6 0.0302083 0.0296296
