2 0 0.894792 0.237037 0.0385417 0.0277778
2 1 0.754167 0.224074 0.0364583 0.0259259
2 2 0.838802 0.262963 0.0307292 0.0277778
2 3 0.746875 0.25787 0.0364583 0.0305556
2 4 0.914844 0.272222 0.0338542 0.0296296
2 5 0.965104 0.210648 0.0260417 0.0268519
2 6 0.832031 0.291204 0.0369792 0.0287037
2 7 0.640625 0.213426 0.034375 0.0268519
2 8 0.502083 0.239352 0.0354167 0.0287037
2 9 0.375 0.196759 0.034375 0.0324074
2 10 0.399219 0.263426 0.0276042 0.0305556
2 11 0.484115 0.27037 0.0328125 0.0259259
2 12 0.236719 0.190741 0.0348958 0.0351852
2 13 0.370833 0.0763889 0.0197917 0.0564815
2 14 0.385677 0.0319444 0.0161458 0.0527778
2 15 0.366146 0.0226852 0.0166667 0.0342593
2 16 0.0153646 0.140278 0.0244792 0.0305556
2 18 0.0611979 0.43287 0.0296875 0.0268519
2 19 0.103385 0.403241 0.0338542 0.0287037
2 20 0.139583 0.463889 0.0333333 0.0296296
2 21 0.222396 0.507407 0.0364583 0.0314815
2 22 0.340365 0.228704 0.0359375 0.0314815
2 23 0.224219 0.252315 0.0307292 0.0287037
2 24 0.429948 0.491204 0.0359375 0.0342593
2 25 0.471354 0.462963 0.034375 0.0333333
2 26 0.539063 0.443981 0.03125 0.0287037
2 27 0.690885 0.450463 0.0307292 0.0324074
2 28 0.697656 0.526389 0.0369792 0.0305556
2 29 0.790104 0.491204 0.0322917 0.0287037
2 30 0.85 0.46713 0.025 0.0268519
2 31 0.141927 0.813426 0.0203125 0.0564815
2 32 0.217187 0.588426 0.0322917 0.0324074
5 0 0.91224 0.43287 0.0651042 0.0416667
5 1 0.54349 0.408796 0.0671875 0.0416667
5 2 0.370573 0.660648 0.0286458 0.106481
7 0 0.934375 0.302778 0.040625 0.0277778
7 1 0.652344 0.278704 0.0359375 0.0314815
2 40 0.261458 0.59537 0.0302083 0.0296296
