2 0 0.727083 0.250463 0.0354167 0.0287037
2 1 0.577344 0.238889 0.0328125 0.0277778
2 2 0.66875 0.279167 0.0333333 0.0287037
2 3 0.58151 0.272685 0.0359375 0.0305556
2 4 0.735677 0.2875 0.0317708 0.0324074
2 5 0.810938 0.227315 0.0375 0.025
2 6 0.674479 0.310648 0.034375 0.0287037
2 7 0.46849 0.231481 0.0338542 0.0296296
2 8 0.345052 0.256481 0.0317708 0.0314815
2 9 0.193229 0.211111 0.0375 0.0296296
2 10 0.229687 0.284722 0.028125 0.0287037
2 11 0.315104 0.288426 0.0322917 0.0324074
2 12 0.0393229 0.204167 0.0390625 0.0287037
2 13 0.372917 0.106019 0.01875 0.0527778
2 14 0.388281 0.0625 0.0161458 0.0546296
2 15 0.370313 0.0458333 0.0208333 0.0583333
2 18 0.297396 0.498611 0.0302083 0.0231481
2 19 0.338542 0.448611 0.0375 0.0287037
2 20 0.413281 0.499074 0.0328125 0.0314815
2 21 0.330729 0.562037 0.0322917 0.0425926
2 22 0.174479 0.243981 0.0385417 0.0305556
2 23 0.0450521 0.272685 0.0328125 0.0324074
2 24 0.63724 0.535648 0.0338542 0.0324074
2 25 0.719271 0.513426 0.03125 0.0324074
2 26 0.771615 0.491667 0.0296875 0.0296296
2 27 0.928385 0.49537 0.0359375 0.0259259
2 28 0.942708 0.577315 0.0364583 0.0268519
2 31 0.141146 0.844907 0.0229167 0.0564815
2 32 0.216667 0.618519 0.034375 0.0296296
5 1 0.714844 0.450926 0.0723958 0.0407407
5 2 0.371615 0.690741 0.0307292 0.105556
7 0 0.779427 0.320833 0.0401042 0.0324074
7 1 0.480469 0.294444 0.0338542 0.0314815
2 33 0.227344 0.438889 0.0338542 0.0296296
2 34 0.165365 0.498148 0.0338542 0.0277778
2 35 0.189063 0.467593 0.0364583 0.0296296
2 36 0.0692708 0.527315 0.0333333 0.0324074
2 37 0.0578125 0.446759 0.034375 0.0287037
7 2 0.0515625 0.491667 0.0375 0.0296296
2 38 0.944792 0.32963 0.03125 0.0259259
2 39 0.976042 0.300926 0.0270833 0.0277778
2 40 0.264062 0.623148 0.0322917 0.0296296
