2 0 0.919531 0.234259 0.0390625 0.0277778
2 1 0.778385 0.219444 0.0369792 0.0259259
2 2 0.863542 0.258333 0.0302083 0.0277778
2 3 0.770833 0.253241 0.0364583 0.0305556
2 4 0.94375 0.268056 0.034375 0.0287037
2 5 0.98724 0.206019 0.0244792 0.0268519
2 6 0.854167 0.286574 0.0375 0.0287037
2 7 0.665625 0.208796 0.034375 0.0268519
2 8 0.524219 0.235648 0.0359375 0.0287037
2 9 0.400781 0.193981 0.0338542 0.0324074
2 10 0.422656 0.25787 0.0276042 0.0305556
2 11 0.508073 0.266204 0.0328125 0.025
2 12 0.264583 0.183796 0.034375 0.0361111
2 13 0.370313 0.0722222 0.0197917 0.0574074
2 14 0.385156 0.0282407 0.0161458 0.0527778
2 15 0.365885 0.0189815 0.0161458 0.0305556
2 16 0.0304688 0.131944 0.0338542 0.0287037
2 17 0.0257812 0.233333 0.0338542 0.0277778
2 18 0.0273438 0.422222 0.0296875 0.0277778
2 19 0.0697917 0.393981 0.0333333 0.0287037
2 20 0.103125 0.455556 0.0333333 0.0296296
2 21 0.203906 0.5 0.0369792 0.0296296
2 22 0.364062 0.226852 0.0354167 0.0314815
2 23 0.24974 0.245833 0.0307292 0.0287037
2 24 0.40026 0.481944 0.0359375 0.0342593
2 25 0.435677 0.453704 0.0348958 0.0333333
2 26 0.505729 0.435648 0.03125 0.0287037
2 27 0.657292 0.442593 0.0302083 0.0333333
2 28 0.661719 0.516667 0.0369792 0.0314815
2 29 0.752865 0.483796 0.0338542 0.0287037
2 30 0.818229 0.459259 0.0260417 0.0277778
2 31 0.141667 0.808796 0.0197917 0.0564815
2 32 0.216927 0.583796 0.0317708 0.0324074
5 0 0.889583 0.427778 0.0760417 0.0407407
5 1 0.51901 0.402315 0.0661458 0.0416667
5 2 0.370313 0.656018 0.028125 0.106481
7 0 0.95625 0.296759 0.040625 0.0268519
7 1 0.677083 0.275 0.0364583 0.0314815
2 40 0.261198 0.591667 0.0296875 0.0296296
