2 0 0.792448 0.248611 0.0369792 0.0287037
2 1 0.65 0.234722 0.034375 0.0268519
2 2 0.736979 0.275 0.0322917 0.0277778
2 3 0.648438 0.268981 0.0364583 0.0305556
2 4 0.803385 0.283333 0.0328125 0.0314815
2 5 0.873438 0.225 0.0333333 0.0259259
2 6 0.739062 0.306019 0.0354167 0.0287037
2 7 0.5375 0.227315 0.034375 0.0287037
2 8 0.409896 0.253241 0.0333333 0.0305556
2 9 0.266406 0.205093 0.0359375 0.0305556
2 10 0.30026 0.280556 0.0276042 0.0296296
2 11 0.383594 0.283333 0.0328125 0.0296296
2 12 0.119271 0.201852 0.0375 0.0314815
2 13 0.372135 0.0939815 0.0192708 0.0546296
2 14 0.38724 0.05 0.0161458 0.0537037
2 15 0.36849 0.0361111 0.0192708 0.0481481
2 18 0.201823 0.474537 0.0296875 0.025
2 19 0.242969 0.43287 0.0359375 0.0287037
2 20 0.298438 0.490278 0.0333333 0.0305556
2 21 0.295052 0.538426 0.0338542 0.037963
2 22 0.241667 0.2375 0.0375 0.0305556
2 23 0.117448 0.26713 0.0317708 0.0305556
2 24 0.553385 0.519444 0.0348958 0.0333333
2 25 0.619531 0.49537 0.0328125 0.0333333
2 26 0.677344 0.475926 0.0307292 0.0296296
2 27 0.832031 0.480093 0.0338542 0.0287037
2 28 0.845833 0.5625 0.0364583 0.0287037
2 29 0.945313 0.522685 0.0260417 0.0268519
2 30 0.982292 0.5 0.0208333 0.0240741
2 31 0.141667 0.831944 0.021875 0.0564815
2 32 0.216667 0.606019 0.0333333 0.0305556
5 1 0.645573 0.433333 0.0703125 0.0407407
5 2 0.371094 0.678704 0.0296875 0.105556
7 0 0.842188 0.316204 0.040625 0.0305556
7 1 0.549219 0.293519 0.0348958 0.0314815
2 33 0.132292 0.424074 0.034375 0.0314815
2 34 0.0846354 0.483796 0.0328125 0.0287037
2 35 0.0861979 0.452315 0.0359375 0.0305556
2 40 0.263021 0.612037 0.03125 0.0296296
