2 0 0.81849 0.246759 0.0369792 0.0287037
2 1 0.677344 0.233796 0.0348958 0.0268519
2 2 0.76276 0.274074 0.0317708 0.0277778
2 3 0.673958 0.26713 0.0364583 0.0305556
2 4 0.829687 0.281019 0.0333333 0.0305556
2 5 0.897396 0.223148 0.03125 0.0259259
2 6 0.763802 0.305093 0.0359375 0.0287037
2 7 0.563542 0.225926 0.034375 0.0277778
2 8 0.434115 0.251852 0.0338542 0.0296296
2 9 0.294792 0.202778 0.0354167 0.0314815
2 10 0.327344 0.278704 0.0276042 0.0296296
2 11 0.409635 0.281944 0.0328125 0.0287037
2 12 0.14974 0.200463 0.0369792 0.0324074
2 13 0.371615 0.0898148 0.0192708 0.0555556
2 14 0.386719 0.0453704 0.0161458 0.0537037
2 15 0.367969 0.0324074 0.0182292 0.0444444
2 18 0.165365 0.465741 0.0296875 0.0259259
2 19 0.206771 0.426389 0.0354167 0.0287037
2 20 0.254687 0.486574 0.0333333 0.0305556
2 21 0.279687 0.530093 0.034375 0.0361111
2 22 0.267448 0.236111 0.0369792 0.0314815
2 23 0.145052 0.264352 0.0317708 0.0305556
2 24 0.521094 0.513889 0.0348958 0.0333333
2 25 0.58125 0.488889 0.0333333 0.0333333
2 26 0.641406 0.469444 0.0307292 0.0296296
2 27 0.795052 0.475 0.0328125 0.0296296
2 28 0.808333 0.555093 0.0364583 0.0287037
2 29 0.904948 0.514815 0.0276042 0.0277778
2 30 0.947917 0.491204 0.021875 0.025
2 31 0.141406 0.827315 0.0213542 0.0564815
2 32 0.216927 0.601852 0.0328125 0.0314815
5 1 0.61901 0.427315 0.0692708 0.0416667
5 2 0.370833 0.674537 0.0291667 0.106481
7 0 0.866146 0.313889 0.040625 0.0296296
7 1 0.576042 0.290741 0.0354167 0.0314815
2 33 0.0958333 0.418056 0.034375 0.0324074
2 34 0.0536458 0.478241 0.0322917 0.0287037
2 35 0.0463542 0.445833 0.0354167 0.0305556
2 40 0.26224 0.607407 0.0307292 0.0296296
