2 0 0.775 0.249537 0.0364583 0.0287037
2 1 0.630469 0.236111 0.0338542 0.0277778
2 2 0.71875 0.276389 0.0322917 0.0287037
2 3 0.630469 0.269907 0.0359375 0.0305556
2 4 0.785417 0.284259 0.0322917 0.0314815
2 5 0.856771 0.225926 0.034375 0.0259259
2 6 0.721875 0.30787 0.0354167 0.0287037
2 7 0.51901 0.228241 0.0338542 0.0287037
2 8 0.392448 0.254167 0.0328125 0.0305556
2 9 0.247396 0.206944 0.0364583 0.0305556
2 10 0.28151 0.281481 0.0276042 0.0296296
2 11 0.365885 0.284722 0.0328125 0.0305556
2 12 0.0981771 0.202315 0.0380208 0.0305556
2 13 0.372135 0.0972222 0.0192708 0.0537037
2 14 0.38724 0.0527778 0.0161458 0.0537037
2 15 0.36901 0.0393519 0.0192708 0.0509259
2 18 0.227604 0.480556 0.0302083 0.0240741
2 19 0.267969 0.436574 0.0359375 0.0287037
2 20 0.328906 0.492593 0.0328125 0.0314815
2 21 0.304688 0.544907 0.0333333 0.0398148
2 22 0.223958 0.239352 0.0375 0.0305556
2 23 0.0984375 0.268519 0.0322917 0.0314815
2 24 0.575521 0.523611 0.034375 0.0324074
2 25 0.645833 0.499537 0.0322917 0.0324074
2 26 0.702083 0.480556 0.0302083 0.0296296
2 27 0.857813 0.484259 0.034375 0.0277778
2 28 0.871354 0.565741 0.0364583 0.0277778
2 29 0.973437 0.528241 0.025 0.0268519
2 31 0.141146 0.835648 0.021875 0.0564815
2 32 0.216927 0.609722 0.0338542 0.0305556
5 1 0.663542 0.437963 0.0708333 0.0407407
5 2 0.371354 0.681481 0.0302083 0.105556
7 0 0.825781 0.31713 0.0401042 0.0305556
7 1 0.530729 0.293519 0.034375 0.0314815
2 33 0.157292 0.427778 0.034375 0.0314815
2 34 0.10599 0.487037 0.0328125 0.0277778
2 35 0.113281 0.455556 0.0359375 0.0296296
2 40 0.263281 0.614815 0.0317708 0.0296296
