2 0 0.798177 0.248611 0.0369792 0.0287037
2 1 0.65625 0.234722 0.034375 0.0268519
2 2 0.742708 0.275 0.0322917 0.0277778
2 3 0.654167 0.268981 0.0364583 0.0305556
2 4 0.809635 0.283333 0.0328125 0.0314815
2 5 0.878906 0.225 0.0328125 0.0259259
2 6 0.744792 0.306019 0.0354167 0.0287037
2 7 0.54375 0.227315 0.034375 0.0287037
2 8 0.415104 0.252778 0.0333333 0.0296296
2 9 0.273177 0.204167 0.0359375 0.0305556
2 10 0.30651 0.280556 0.0276042 0.0296296
2 11 0.389844 0.283333 0.0328125 0.0296296
2 12 0.126563 0.200926 0.0375 0.0314815
2 13 0.372135 0.0930556 0.0192708 0.0546296
2 14 0.38724 0.0490741 0.0161458 0.0537037
2 15 0.368229 0.0356481 0.01875 0.0472222
2 18 0.19349 0.472685 0.0296875 0.025
2 19 0.234375 0.431019 0.0354167 0.0287037
2 20 0.288542 0.489352 0.0333333 0.0305556
2 21 0.291927 0.536574 0.0338542 0.037963
2 22 0.247917 0.2375 0.0375 0.0305556
2 23 0.123698 0.266204 0.0317708 0.0305556
2 24 0.546094 0.518519 0.0348958 0.0333333
2 25 0.610677 0.493519 0.0328125 0.0333333
2 26 0.66901 0.475 0.0307292 0.0296296
2 27 0.823438 0.479167 0.0333333 0.0287037
2 28 0.8375 0.560648 0.0364583 0.0287037
2 29 0.936198 0.520833 0.0265625 0.0268519
2 30 0.974219 0.497222 0.0213542 0.0240741
2 31 0.141667 0.831019 0.021875 0.0564815
2 32 0.216667 0.605093 0.0333333 0.0305556
5 1 0.639323 0.431481 0.0703125 0.0407407
5 2 0.371094 0.677778 0.0296875 0.105556
7 0 0.847917 0.315278 0.040625 0.0305556
7 1 0.555469 0.293519 0.0348958 0.0314815
2 33 0.123958 0.422685 0.034375 0.0324074
2 34 0.0778646 0.481944 0.0328125 0.0287037
2 35 0.0768229 0.450463 0.0359375 0.0305556
2 40 0.263021 0.611111 0.03125 0.0296296
