2 0 0.773438 0.249537 0.0364583 0.0287037
2 1 0.628385 0.236111 0.0338542 0.0277778
2 2 0.716667 0.276389 0.0322917 0.0287037
2 3 0.628385 0.269907 0.0359375 0.0305556
2 4 0.783333 0.284259 0.0322917 0.0314815
2 5 0.855208 0.225926 0.034375 0.0259259
2 6 0.720312 0.30787 0.0354167 0.0287037
2 7 0.516927 0.228241 0.0338542 0.0287037
2 8 0.390885 0.254167 0.0328125 0.0305556
2 9 0.244792 0.206944 0.0364583 0.0305556
2 10 0.279427 0.282407 0.0276042 0.0296296
2 11 0.363802 0.284722 0.0328125 0.0305556
2 12 0.0960938 0.202315 0.0380208 0.0305556
2 13 0.372135 0.0981481 0.0192708 0.0537037
2 14 0.38724 0.0537037 0.0161458 0.0537037
2 15 0.36901 0.0393519 0.0192708 0.0509259
2 18 0.230208 0.481481 0.0302083 0.0240741
2 19 0.271354 0.4375 0.0364583 0.0287037
2 20 0.332031 0.493519 0.0328125 0.0314815
2 21 0.305729 0.545833 0.0333333 0.0398148
2 22 0.221875 0.239352 0.0375 0.0305556
2 23 0.0963542 0.268519 0.0322917 0.0314815
2 24 0.578125 0.524537 0.034375 0.0324074
2 25 0.648958 0.500463 0.0322917 0.0324074
2 26 0.704687 0.480556 0.0302083 0.0296296
2 27 0.860417 0.484259 0.034375 0.0277778
2 28 0.874479 0.566667 0.0364583 0.0277778
2 29 0.976563 0.529167 0.025 0.0268519
2 31 0.141146 0.836574 0.021875 0.0564815
2 32 0.216927 0.610648 0.0338542 0.0305556
5 1 0.665625 0.438889 0.0708333 0.0407407
5 2 0.371354 0.682407 0.0302083 0.105556
7 0 0.823698 0.31713 0.0401042 0.0305556
7 1 0.529167 0.293519 0.034375 0.0314815
2 33 0.160417 0.428704 0.034375 0.0314815
2 34 0.108073 0.487963 0.0328125 0.0277778
2 35 0.116406 0.456481 0.0359375 0.0296296
2 36 0.0177083 0.518056 0.0333333 0.0268519
2 40 0.263281 0.614815 0.0317708 0.0296296
