2 0 0.905208 0.236111 0.0385417 0.0277778
2 1 0.764063 0.222222 0.0364583 0.0259259
2 2 0.848958 0.261111 0.0302083 0.0277778
2 3 0.756771 0.256019 0.0364583 0.0305556
2 4 0.927083 0.269907 0.034375 0.0287037
2 5 0.974219 0.208796 0.0255208 0.0268519
2 6 0.841146 0.289352 0.0375 0.0287037
2 7 0.651042 0.211574 0.034375 0.0268519
2 8 0.511458 0.238426 0.0354167 0.0287037
2 9 0.385677 0.194907 0.0338542 0.0324074
2 10 0.409115 0.260648 0.0276042 0.0305556
2 11 0.49401 0.268519 0.0328125 0.0259259
2 12 0.248177 0.188426 0.0348958 0.0361111
2 13 0.370313 0.075 0.0197917 0.0574074
2 14 0.385156 0.0310185 0.0161458 0.0527778
2 15 0.366146 0.0208333 0.0166667 0.0324074
2 16 0.0213542 0.137037 0.028125 0.0296296
2 17 0.0127604 0.237037 0.0213542 0.0296296
2 18 0.0471354 0.428704 0.0296875 0.0277778
2 19 0.0890625 0.399537 0.0333333 0.0287037
2 20 0.124479 0.460185 0.0333333 0.0296296
2 21 0.214583 0.504167 0.0364583 0.0305556
2 22 0.35 0.227778 0.0354167 0.0314815
2 23 0.234635 0.249537 0.0307292 0.0287037
2 24 0.417448 0.4875 0.0359375 0.0342593
2 25 0.45651 0.459259 0.0348958 0.0333333
2 26 0.525 0.440278 0.03125 0.0287037
2 27 0.676823 0.446759 0.0307292 0.0324074
2 28 0.682552 0.522222 0.0369792 0.0314815
2 29 0.77474 0.488426 0.0328125 0.0287037
2 30 0.836719 0.463889 0.0255208 0.0277778
2 31 0.141667 0.811574 0.0197917 0.0564815
2 32 0.216927 0.586574 0.0317708 0.0324074
5 0 0.902865 0.430556 0.0692708 0.0407407
5 1 0.533333 0.406019 0.0666667 0.0416667
5 2 0.370313 0.658796 0.028125 0.106481
7 0 0.943229 0.299537 0.040625 0.0268519
7 1 0.6625 0.276852 0.0364583 0.0314815
2 40 0.261198 0.593518 0.0296875 0.0296296
