2 0 0.767708 0.249537 0.0364583 0.0287037
2 1 0.622135 0.236111 0.0338542 0.0277778
2 2 0.710938 0.276389 0.0322917 0.0287037
2 3 0.622656 0.270833 0.0359375 0.0305556
2 4 0.777604 0.285185 0.0322917 0.0314815
2 5 0.84974 0.225926 0.0348958 0.0259259
2 6 0.714583 0.30787 0.0354167 0.0287037
2 7 0.511198 0.229167 0.0338542 0.0287037
2 8 0.385156 0.254167 0.0328125 0.0305556
2 9 0.238542 0.20787 0.0364583 0.0305556
2 10 0.273438 0.281944 0.028125 0.0287037
2 11 0.357292 0.285648 0.0322917 0.0305556
2 12 0.0888021 0.202315 0.0380208 0.0305556
2 13 0.372656 0.0990741 0.0192708 0.0537037
2 14 0.38776 0.0550926 0.0161458 0.0546296
2 15 0.369271 0.0398148 0.0197917 0.0518519
2 18 0.238542 0.483333 0.0302083 0.0240741
2 19 0.279687 0.438426 0.0364583 0.0287037
2 20 0.342448 0.493519 0.0328125 0.0314815
2 21 0.308854 0.547685 0.0333333 0.0398148
2 22 0.216406 0.240278 0.0380208 0.0305556
2 23 0.0895833 0.269444 0.0322917 0.0314815
2 24 0.585417 0.525463 0.034375 0.0324074
2 25 0.657812 0.502315 0.0322917 0.0324074
2 26 0.713542 0.482407 0.0302083 0.0296296
2 27 0.86875 0.486111 0.034375 0.0277778
2 28 0.882813 0.567593 0.0364583 0.0277778
2 29 0.985677 0.531018 0.0244792 0.0268519
2 31 0.141406 0.8375 0.0223958 0.0564815
2 32 0.216927 0.611574 0.0338542 0.0305556
5 1 0.672135 0.439815 0.0713542 0.0407407
5 2 0.371354 0.683333 0.0302083 0.105556
7 0 0.817969 0.317593 0.0401042 0.0314815
7 1 0.522917 0.293519 0.034375 0.0314815
2 33 0.16875 0.42963 0.034375 0.0314815
2 34 0.115625 0.488889 0.0333333 0.0277778
2 35 0.12526 0.457407 0.0359375 0.0296296
2 36 0.0239583 0.519444 0.0333333 0.0277778
2 40 0.263281 0.615741 0.0317708 0.0296296
