2 0 0.892708 0.237963 0.0385417 0.0277778
2 1 0.752083 0.224074 0.0364583 0.0259259
2 2 0.836719 0.263889 0.0307292 0.0277778
2 3 0.744792 0.258796 0.0364583 0.0305556
2 4 0.91224 0.272222 0.0338542 0.0296296
2 5 0.963802 0.210648 0.0265625 0.0268519
2 6 0.829948 0.291204 0.0369792 0.0287037
2 7 0.638542 0.214352 0.034375 0.0268519
2 8 0.500521 0.240278 0.0354167 0.0287037
2 9 0.372917 0.196759 0.034375 0.0324074
2 10 0.397135 0.263426 0.0276042 0.0305556
2 11 0.482031 0.27037 0.0328125 0.0259259
2 12 0.234115 0.190741 0.0348958 0.0351852
2 13 0.370833 0.0763889 0.0197917 0.0564815
2 14 0.385677 0.0328704 0.0161458 0.0527778
2 15 0.366667 0.0226852 0.0166667 0.0342593
2 16 0.0138021 0.141204 0.0234375 0.0305556
2 18 0.0638021 0.433796 0.0296875 0.0268519
2 19 0.10599 0.404167 0.0338542 0.0287037
2 20 0.142188 0.464815 0.0333333 0.0296296
2 21 0.223958 0.508333 0.0364583 0.0314815
2 22 0.338281 0.22963 0.0359375 0.0314815
2 23 0.222135 0.252315 0.0307292 0.0287037
2 24 0.432552 0.49213 0.0359375 0.0342593
2 25 0.474479 0.463889 0.034375 0.0333333
2 26 0.541667 0.444907 0.03125 0.0287037
2 27 0.69401 0.451389 0.0307292 0.0324074
2 28 0.700781 0.526389 0.0369792 0.0305556
2 29 0.793229 0.49213 0.0322917 0.0287037
2 30 0.852604 0.468056 0.025 0.0268519
2 31 0.141406 0.813426 0.0203125 0.0564815
2 32 0.217187 0.588426 0.0322917 0.0324074
5 0 0.914323 0.43287 0.0640625 0.0416667
5 1 0.545573 0.408796 0.0671875 0.0416667
5 2 0.370573 0.660648 0.0286458 0.106481
7 0 0.932292 0.302778 0.040625 0.0277778
7 1 0.65026 0.278704 0.0359375 0.0314815
2 40 0.261458 0.596296 0.0302083 0.0296296
