2 0 0.790625 0.248611 0.0364583 0.0287037
2 1 0.647917 0.234722 0.034375 0.0268519
2 2 0.734896 0.275 0.0322917 0.0277778
2 3 0.646354 0.268981 0.0364583 0.0305556
2 4 0.801823 0.283333 0.0328125 0.0314815
2 5 0.871875 0.225 0.0333333 0.0259259
2 6 0.736979 0.306944 0.0354167 0.0287037
2 7 0.535417 0.227315 0.034375 0.0287037
2 8 0.407813 0.253241 0.0333333 0.0305556
2 9 0.264323 0.205093 0.0359375 0.0305556
2 10 0.298177 0.280556 0.0276042 0.0296296
2 11 0.38151 0.284259 0.0328125 0.0296296
2 12 0.117188 0.201852 0.0375 0.0314815
2 13 0.372135 0.0949074 0.0192708 0.0546296
2 14 0.38724 0.05 0.0161458 0.0537037
2 15 0.36901 0.0365741 0.0192708 0.0490741
2 18 0.204427 0.475463 0.0296875 0.025
2 19 0.246094 0.43287 0.0359375 0.0287037
2 20 0.302083 0.490278 0.0333333 0.0305556
2 21 0.296094 0.539352 0.0338542 0.037963
2 22 0.239583 0.238426 0.0375 0.0305556
2 23 0.115365 0.26713 0.0317708 0.0305556
2 24 0.55599 0.52037 0.0348958 0.0333333
2 25 0.622656 0.496296 0.0328125 0.0333333
2 26 0.679688 0.476852 0.0302083 0.0296296
2 27 0.835156 0.481019 0.0338542 0.0287037
2 28 0.848958 0.5625 0.0364583 0.0287037
2 29 0.948438 0.523611 0.0260417 0.0268519
2 30 0.984896 0.5 0.0208333 0.0240741
2 31 0.141146 0.83287 0.021875 0.0564815
2 32 0.216667 0.606944 0.0333333 0.0305556
5 1 0.647656 0.434259 0.0703125 0.0407407
5 2 0.371094 0.678704 0.0296875 0.105556
7 0 0.840625 0.316204 0.040625 0.0305556
7 1 0.547135 0.293519 0.0348958 0.0314815
2 33 0.134896 0.424074 0.034375 0.0314815
2 34 0.0872396 0.483796 0.0328125 0.0287037
2 35 0.0893229 0.452315 0.0359375 0.0305556
2 40 0.263021 0.612037 0.03125 0.0296296
