2 0 0.753906 0.249537 0.0359375 0.0287037
2 1 0.607292 0.237037 0.0333333 0.0277778
2 2 0.697135 0.277315 0.0328125 0.0287037
2 3 0.609115 0.271759 0.0359375 0.0305556
2 4 0.763542 0.286111 0.0322917 0.0314815
2 5 0.836719 0.226389 0.0359375 0.025
2 6 0.701302 0.308796 0.0348958 0.0287037
2 7 0.497135 0.229167 0.0338542 0.0287037
2 8 0.371875 0.255093 0.0322917 0.0305556
2 9 0.223177 0.208796 0.0369792 0.0305556
2 10 0.258854 0.28287 0.028125 0.0287037
2 11 0.343229 0.286111 0.0322917 0.0314815
2 12 0.0723958 0.203241 0.0385417 0.0305556
2 13 0.372396 0.101852 0.01875 0.0537037
2 14 0.38776 0.0569444 0.0161458 0.0546296
2 15 0.369271 0.0416667 0.0197917 0.0537037
2 18 0.258333 0.488889 0.0302083 0.0240741
2 19 0.298958 0.44213 0.0364583 0.0287037
2 20 0.365885 0.49537 0.0328125 0.0314815
2 21 0.316146 0.552778 0.0333333 0.0407407
2 22 0.202344 0.241204 0.0380208 0.0305556
2 23 0.0744792 0.27037 0.0322917 0.0314815
2 24 0.602604 0.529167 0.034375 0.0324074
2 25 0.678385 0.506019 0.0317708 0.0324074
2 26 0.732813 0.485185 0.0302083 0.0296296
2 27 0.888802 0.489352 0.0348958 0.0268519
2 28 0.903125 0.571296 0.0364583 0.0277778
2 31 0.141406 0.840278 0.0223958 0.0564815
2 32 0.216927 0.614352 0.0338542 0.0305556
5 1 0.686458 0.443519 0.071875 0.0407407
5 2 0.371354 0.686111 0.0302083 0.105556
7 0 0.805469 0.318519 0.0401042 0.0314815
7 1 0.508854 0.294444 0.034375 0.0314815
2 33 0.18776 0.43287 0.0338542 0.0305556
2 34 0.132292 0.491667 0.0333333 0.0277778
2 35 0.146615 0.461111 0.0359375 0.0296296
2 36 0.0390625 0.522222 0.0333333 0.0296296
2 37 0.0242187 0.439352 0.0307292 0.0305556
2 38 0.975 0.330093 0.0291667 0.0287037
2 40 0.263281 0.618519 0.0317708 0.0296296
