2 0 0.777083 0.249537 0.0364583 0.0287037
2 1 0.632552 0.236111 0.0338542 0.0277778
2 2 0.720833 0.276389 0.0322917 0.0287037
2 3 0.632552 0.269907 0.0359375 0.0305556
2 4 0.78776 0.284259 0.0328125 0.0314815
2 5 0.858854 0.225926 0.034375 0.0259259
2 6 0.723958 0.306944 0.0354167 0.0287037
2 7 0.521094 0.228241 0.0338542 0.0287037
2 8 0.394531 0.254167 0.0328125 0.0305556
2 9 0.249479 0.206944 0.0364583 0.0305556
2 10 0.283594 0.281481 0.0276042 0.0296296
2 11 0.367448 0.284722 0.0328125 0.0305556
2 12 0.100781 0.202778 0.0380208 0.0314815
2 13 0.372135 0.0976852 0.0192708 0.0546296
2 14 0.38724 0.0527778 0.0161458 0.0537037
2 15 0.36901 0.0393519 0.0192708 0.0509259
2 18 0.224479 0.47963 0.0302083 0.0240741
2 19 0.265365 0.436574 0.0359375 0.0287037
2 20 0.325521 0.492593 0.0333333 0.0314815
2 21 0.303906 0.544907 0.0338542 0.0398148
2 22 0.226042 0.239352 0.0375 0.0305556
2 23 0.100521 0.268519 0.0322917 0.0314815
2 24 0.572917 0.523611 0.034375 0.0324074
2 25 0.643229 0.499537 0.0322917 0.0324074
2 26 0.699479 0.47963 0.0302083 0.0296296
2 27 0.854688 0.483333 0.034375 0.0277778
2 28 0.86875 0.565741 0.0364583 0.0277778
2 29 0.970312 0.528241 0.025 0.0268519
2 31 0.141146 0.835648 0.021875 0.0564815
2 32 0.216927 0.609722 0.0338542 0.0305556
5 1 0.661979 0.437963 0.0708333 0.0407407
5 2 0.371354 0.681481 0.0302083 0.105556
7 0 0.827344 0.31713 0.0401042 0.0305556
7 1 0.532812 0.293519 0.034375 0.0314815
2 33 0.154687 0.427778 0.034375 0.0314815
2 34 0.103385 0.487037 0.0328125 0.0277778
2 35 0.110156 0.456019 0.0359375 0.0305556
2 40 0.263281 0.614815 0.0317708 0.0296296
