2 0 0.81224 0.247685 0.0369792 0.0287037
2 1 0.671094 0.233796 0.0348958 0.0268519
2 2 0.75651 0.274074 0.0317708 0.0277778
2 3 0.667708 0.268056 0.0364583 0.0305556
2 4 0.823177 0.281944 0.0328125 0.0305556
2 5 0.891927 0.224074 0.0317708 0.0259259
2 6 0.758073 0.305093 0.0359375 0.0287037
2 7 0.557813 0.225926 0.034375 0.0277778
2 8 0.428385 0.251852 0.0338542 0.0296296
2 9 0.288281 0.203241 0.0359375 0.0305556
2 10 0.321094 0.278704 0.0276042 0.0296296
2 11 0.403906 0.281944 0.0328125 0.0287037
2 12 0.142969 0.201389 0.0369792 0.0324074
2 13 0.371615 0.0902778 0.0192708 0.0546296
2 14 0.386719 0.0462963 0.0161458 0.0537037
2 15 0.368229 0.0337963 0.01875 0.0453704
2 18 0.173698 0.46713 0.0296875 0.025
2 19 0.215104 0.428241 0.0354167 0.0287037
2 20 0.264583 0.4875 0.0333333 0.0305556
2 21 0.284375 0.531482 0.034375 0.037037
2 22 0.261198 0.235648 0.0369792 0.0305556
2 23 0.138802 0.265278 0.0317708 0.0305556
2 24 0.528906 0.514815 0.0348958 0.0333333
2 25 0.590104 0.489815 0.0333333 0.0333333
2 26 0.64974 0.471296 0.0307292 0.0296296
2 27 0.803906 0.475926 0.0328125 0.0296296
2 28 0.817187 0.55787 0.0364583 0.0287037
2 29 0.914323 0.516667 0.0276042 0.0277778
2 30 0.955729 0.493056 0.021875 0.025
2 31 0.141406 0.828241 0.0213542 0.0564815
2 32 0.216667 0.602315 0.0333333 0.0305556
5 1 0.625 0.428704 0.0697917 0.0407407
5 2 0.371094 0.675 0.0296875 0.105556
7 0 0.860937 0.313889 0.040625 0.0296296
7 1 0.570052 0.291667 0.0348958 0.0314815
2 33 0.104167 0.419907 0.034375 0.0324074
2 34 0.0609375 0.479167 0.0322917 0.0287037
2 35 0.0557292 0.447685 0.0354167 0.0305556
2 40 0.263021 0.608333 0.03125 0.0296296
