2 0 0.843229 0.243981 0.0375 0.0287037
2 1 0.703125 0.23287 0.0354167 0.0268519
2 2 0.786458 0.272222 0.03125 0.0277778
2 3 0.697396 0.266204 0.0364583 0.0305556
2 4 0.854688 0.279167 0.0333333 0.0305556
2 5 0.919531 0.218519 0.0296875 0.0259259
2 6 0.785937 0.300463 0.0364583 0.0287037
2 7 0.588021 0.224074 0.034375 0.0277778
2 8 0.45625 0.249074 0.034375 0.0296296
2 9 0.320833 0.200926 0.0354167 0.0314815
2 10 0.350781 0.273148 0.0276042 0.0296296
2 11 0.434115 0.278704 0.0328125 0.0277778
2 12 0.178125 0.2 0.0364583 0.0333333
2 13 0.371094 0.0851852 0.0192708 0.0555556
2 14 0.386198 0.0416667 0.0161458 0.0537037
2 15 0.367188 0.0296296 0.0177083 0.0407407
2 18 0.13151 0.456481 0.0296875 0.0259259
2 19 0.173177 0.420833 0.0348958 0.0287037
2 20 0.215104 0.48287 0.0333333 0.0305556
2 21 0.261458 0.523148 0.0354167 0.0351852
2 22 0.291146 0.233333 0.0364583 0.0314815
2 23 0.170833 0.262037 0.03125 0.0296296
2 24 0.491667 0.508333 0.0354167 0.0333333
2 25 0.546094 0.482407 0.0338542 0.0333333
2 26 0.608073 0.461111 0.0307292 0.0296296
2 27 0.761458 0.46713 0.0322917 0.0305556
2 28 0.772396 0.546296 0.0364583 0.0296296
2 29 0.867708 0.507407 0.0291667 0.0277778
2 30 0.916146 0.483333 0.0229167 0.0259259
2 31 0.141667 0.822685 0.0208333 0.0564815
2 32 0.216927 0.597222 0.0328125 0.0314815
5 0 0.959375 0.442593 0.0416667 0.0425926
5 1 0.594271 0.420833 0.06875 0.0416667
5 2 0.370833 0.669907 0.0291667 0.106481
7 0 0.888542 0.311574 0.040625 0.0287037
7 1 0.601042 0.287037 0.0354167 0.0314815
2 33 0.0627604 0.412963 0.0348958 0.0333333
2 34 0.0252604 0.472685 0.0317708 0.0287037
2 40 0.26224 0.603704 0.0307292 0.0296296
