2 0 0.796615 0.248611 0.0369792 0.0287037
2 1 0.654167 0.234722 0.034375 0.0268519
2 2 0.741146 0.275 0.0322917 0.0277778
2 3 0.652083 0.268981 0.0364583 0.0305556
2 4 0.807552 0.283333 0.0328125 0.0314815
2 5 0.877344 0.225 0.0328125 0.0259259
2 6 0.742708 0.306019 0.0354167 0.0287037
2 7 0.541667 0.227315 0.034375 0.0287037
2 8 0.413542 0.253241 0.0333333 0.0305556
2 9 0.271094 0.205093 0.0359375 0.0305556
2 10 0.304427 0.280556 0.0276042 0.0296296
2 11 0.38776 0.283333 0.0328125 0.0296296
2 12 0.123958 0.201852 0.0375 0.0314815
2 13 0.372135 0.0939815 0.0192708 0.0546296
2 14 0.38724 0.0490741 0.0161458 0.0537037
2 15 0.368229 0.0361111 0.01875 0.0481481
2 18 0.196094 0.473611 0.0296875 0.025
2 19 0.23776 0.431944 0.0359375 0.0287037
2 20 0.291667 0.489352 0.0333333 0.0305556
2 21 0.292969 0.5375 0.0338542 0.037963
2 22 0.245833 0.2375 0.0375 0.0305556
2 23 0.121615 0.266204 0.0317708 0.0305556
2 24 0.548698 0.518519 0.0348958 0.0333333
2 25 0.613802 0.494444 0.0328125 0.0333333
2 26 0.671615 0.475 0.0307292 0.0296296
2 27 0.826563 0.479167 0.0333333 0.0287037
2 28 0.840104 0.561574 0.0364583 0.0287037
2 29 0.939323 0.521759 0.0265625 0.0268519
2 30 0.976823 0.498148 0.0213542 0.0240741
2 31 0.141667 0.831944 0.021875 0.0564815
2 32 0.216667 0.606019 0.0333333 0.0305556
5 1 0.641406 0.432407 0.0703125 0.0407407
5 2 0.371094 0.677778 0.0296875 0.105556
7 0 0.845833 0.315278 0.040625 0.0305556
7 1 0.553385 0.293519 0.0348958 0.0314815
2 33 0.126563 0.423611 0.034375 0.0324074
2 34 0.0799479 0.48287 0.0328125 0.0287037
2 35 0.0799479 0.451389 0.0359375 0.0305556
2 40 0.263021 0.611111 0.03125 0.0296296
