2 0 0.784896 0.248611 0.0364583 0.0287037
2 1 0.641667 0.236111 0.034375 0.0277778
2 2 0.728646 0.275 0.0322917 0.0277778
2 3 0.640365 0.269907 0.0359375 0.0305556
2 4 0.795573 0.283333 0.0328125 0.0314815
2 5 0.866406 0.225 0.0338542 0.0259259
2 6 0.73125 0.306944 0.0354167 0.0287037
2 7 0.529688 0.228241 0.034375 0.0287037
2 8 0.402083 0.253241 0.0333333 0.0305556
2 9 0.257813 0.206019 0.0364583 0.0305556
2 10 0.291927 0.281481 0.0276042 0.0296296
2 11 0.375781 0.284259 0.0328125 0.0296296
2 12 0.109896 0.201852 0.0375 0.0314815
2 13 0.372135 0.0958333 0.0192708 0.0546296
2 14 0.38724 0.0509259 0.0161458 0.0537037
2 15 0.36901 0.0375 0.0192708 0.0490741
2 18 0.213281 0.477315 0.0296875 0.025
2 19 0.254427 0.434722 0.0359375 0.0287037
2 20 0.311979 0.491204 0.0333333 0.0305556
2 21 0.29974 0.541667 0.0338542 0.0388889
2 22 0.233854 0.238426 0.0375 0.0305556
2 23 0.108854 0.267593 0.0322917 0.0314815
2 24 0.563021 0.521759 0.034375 0.0324074
2 25 0.63151 0.497222 0.0328125 0.0333333
2 26 0.688021 0.477778 0.0302083 0.0296296
2 27 0.84349 0.481944 0.0338542 0.0287037
2 28 0.857292 0.563889 0.0364583 0.0277778
2 29 0.957552 0.525463 0.0255208 0.0268519
2 31 0.141146 0.833796 0.021875 0.0564815
2 32 0.216667 0.60787 0.0333333 0.0305556
5 1 0.653646 0.435185 0.0708333 0.0407407
5 2 0.371094 0.67963 0.0296875 0.105556
7 0 0.834635 0.316204 0.0401042 0.0305556
7 1 0.541406 0.293519 0.0348958 0.0314815
2 33 0.14375 0.425926 0.034375 0.0314815
2 34 0.0940104 0.485648 0.0328125 0.0287037
2 35 0.0981771 0.454167 0.0359375 0.0305556
2 40 0.263021 0.612963 0.03125 0.0296296
