2 0 0.740365 0.250463 0.0359375 0.0287037
2 1 0.592188 0.237963 0.0333333 0.0277778
2 2 0.683073 0.278241 0.0328125 0.0287037
2 3 0.595052 0.272685 0.0359375 0.0305556
2 4 0.75 0.2875 0.0322917 0.0324074
2 5 0.823438 0.226389 0.0364583 0.025
2 6 0.688281 0.309722 0.0348958 0.0287037
2 7 0.483073 0.230556 0.0338542 0.0296296
2 8 0.358854 0.255556 0.0322917 0.0314815
2 9 0.208073 0.210185 0.0369792 0.0296296
2 10 0.244271 0.283796 0.028125 0.0287037
2 11 0.329167 0.287037 0.0322917 0.0314815
2 12 0.0557292 0.203704 0.0385417 0.0296296
2 13 0.372396 0.103704 0.01875 0.0537037
2 14 0.38776 0.0597222 0.0161458 0.0546296
2 15 0.370052 0.0439815 0.0203125 0.0564815
2 18 0.278125 0.493519 0.0302083 0.0240741
2 19 0.31849 0.444907 0.0369792 0.0287037
2 20 0.389844 0.497222 0.0328125 0.0314815
2 21 0.323698 0.55787 0.0328125 0.0416667
2 22 0.188281 0.243056 0.0380208 0.0305556
2 23 0.0596354 0.271759 0.0328125 0.0324074
2 24 0.620052 0.531944 0.0338542 0.0324074
2 25 0.699219 0.509722 0.0317708 0.0324074
2 26 0.751823 0.488889 0.0296875 0.0296296
2 27 0.908854 0.49213 0.0354167 0.0268519
2 28 0.922917 0.573611 0.0364583 0.0268519
2 31 0.140885 0.84213 0.0223958 0.0564815
2 32 0.216406 0.615741 0.0338542 0.0296296
5 1 0.700781 0.447222 0.0723958 0.0407407
5 2 0.371354 0.688889 0.0302083 0.105556
7 0 0.792448 0.319444 0.0401042 0.0314815
7 1 0.494792 0.294444 0.034375 0.0314815
2 33 0.207552 0.435648 0.0338542 0.0305556
2 34 0.148438 0.49537 0.0333333 0.0277778
2 35 0.167708 0.463889 0.0364583 0.0296296
2 36 0.0541667 0.524537 0.0333333 0.0305556
2 37 0.0414063 0.442593 0.0328125 0.0296296
7 2 0.0341146 0.488426 0.0369792 0.0287037
2 38 0.959896 0.330556 0.0302083 0.0277778
2 40 0.263802 0.62037 0.0317708 0.0296296
