2 0 0.757552 0.249537 0.0359375 0.0287037
2 1 0.611458 0.237037 0.0333333 0.0277778
2 2 0.700781 0.277315 0.0328125 0.0287037
2 3 0.61276 0.270833 0.0359375 0.0305556
2 4 0.767708 0.285185 0.0322917 0.0314815
2 5 0.840104 0.225463 0.0354167 0.025
2 6 0.704948 0.308796 0.0348958 0.0287037
2 7 0.500781 0.229167 0.0338542 0.0287037
2 8 0.375521 0.255093 0.0322917 0.0305556
2 9 0.227865 0.208796 0.0369792 0.0305556
2 10 0.263021 0.28287 0.028125 0.0287037
2 11 0.347396 0.285648 0.0322917 0.0305556
2 12 0.0768229 0.203241 0.0380208 0.0305556
2 13 0.372396 0.100926 0.01875 0.0537037
2 14 0.38776 0.0569444 0.0161458 0.0546296
2 15 0.369271 0.0416667 0.0197917 0.0537037
2 18 0.252604 0.487037 0.0302083 0.0240741
2 19 0.293229 0.441204 0.0364583 0.0287037
2 20 0.359115 0.49537 0.0328125 0.0314815
2 21 0.314063 0.550926 0.0333333 0.0407407
2 22 0.20599 0.241204 0.0380208 0.0305556
2 23 0.0791667 0.27037 0.0322917 0.0314815
2 24 0.597917 0.528241 0.034375 0.0324074
2 25 0.672396 0.504167 0.0322917 0.0324074
2 26 0.727083 0.484259 0.0302083 0.0296296
2 27 0.883073 0.488889 0.0348958 0.0277778
2 28 0.897396 0.57037 0.0364583 0.0277778
2 31 0.141406 0.839352 0.0223958 0.0564815
2 32 0.216927 0.613426 0.0338542 0.0305556
5 1 0.682031 0.442593 0.0713542 0.0407407
5 2 0.371354 0.685185 0.0302083 0.105556
7 0 0.809115 0.318519 0.0401042 0.0314815
7 1 0.513021 0.294444 0.034375 0.0314815
2 33 0.182812 0.431944 0.034375 0.0305556
2 34 0.127604 0.490741 0.0333333 0.0277778
2 35 0.140365 0.460185 0.0359375 0.0296296
2 36 0.0348958 0.520833 0.0333333 0.0287037
2 37 0.0192708 0.438889 0.0302083 0.0314815
2 38 0.979167 0.330556 0.0291667 0.0296296
2 40 0.263281 0.617593 0.0317708 0.0296296
