2 0 0.826563 0.245833 0.0375 0.0287037
2 1 0.685677 0.23287 0.0348958 0.0268519
2 2 0.771094 0.273148 0.0317708 0.0277778
2 3 0.681771 0.26713 0.0364583 0.0305556
2 4 0.8375 0.281019 0.0333333 0.0305556
2 5 0.904948 0.221296 0.0307292 0.0259259
2 6 0.771094 0.303241 0.0359375 0.0287037
2 7 0.571875 0.225926 0.034375 0.0277778
2 8 0.441406 0.251852 0.0338542 0.0296296
2 9 0.303125 0.201852 0.0354167 0.0314815
2 10 0.335156 0.276852 0.0276042 0.0296296
2 11 0.417969 0.281019 0.0328125 0.0287037
2 12 0.159375 0.200926 0.0364583 0.0333333
2 13 0.371615 0.087963 0.0192708 0.0555556
2 14 0.386719 0.0444444 0.0161458 0.0537037
2 15 0.367969 0.0319444 0.0182292 0.0435185
2 18 0.153906 0.462963 0.0296875 0.0259259
2 19 0.195573 0.424537 0.0348958 0.0287037
2 20 0.241146 0.485648 0.0333333 0.0305556
2 21 0.273698 0.527315 0.0348958 0.0361111
2 22 0.27526 0.235185 0.0369792 0.0314815
2 23 0.153906 0.264352 0.0317708 0.0305556
2 24 0.511198 0.512037 0.0348958 0.0333333
2 25 0.569792 0.486111 0.0333333 0.0333333
2 26 0.629948 0.466667 0.0307292 0.0296296
2 27 0.784115 0.472222 0.0328125 0.0296296
2 28 0.796354 0.552315 0.0364583 0.0287037
2 29 0.892708 0.512037 0.028125 0.0277778
2 30 0.93724 0.488426 0.0223958 0.025
2 31 0.141406 0.825463 0.0213542 0.0564815
2 32 0.216927 0.6 0.0328125 0.0314815
5 0 0.974479 0.44537 0.034375 0.0425926
5 1 0.610677 0.425463 0.0692708 0.0416667
5 2 0.370833 0.672685 0.0291667 0.106481
7 0 0.873438 0.312963 0.040625 0.0296296
7 1 0.584375 0.288889 0.0354167 0.0314815
2 33 0.0848958 0.416204 0.034375 0.0324074
2 34 0.0442708 0.476389 0.0322917 0.0287037
2 35 0.034375 0.443981 0.0354167 0.0305556
2 40 0.26224 0.606481 0.0307292 0.0296296
