2 0 0.771354 0.249537 0.0364583 0.0287037
2 1 0.626302 0.236111 0.0338542 0.0277778
2 2 0.714583 0.276389 0.0322917 0.0287037
2 3 0.626302 0.270833 0.0359375 0.0305556
2 4 0.781771 0.284259 0.0322917 0.0314815
2 5 0.853125 0.225926 0.034375 0.0259259
2 6 0.718229 0.30787 0.0354167 0.0287037
2 7 0.514844 0.228241 0.0338542 0.0287037
2 8 0.388802 0.254167 0.0328125 0.0305556
2 9 0.242708 0.206944 0.0364583 0.0305556
2 10 0.277344 0.282407 0.0276042 0.0296296
2 11 0.361719 0.284722 0.0328125 0.0305556
2 12 0.0934896 0.202315 0.0380208 0.0305556
2 13 0.372135 0.0981481 0.0192708 0.0537037
2 14 0.38724 0.0537037 0.0161458 0.0537037
2 15 0.369271 0.0398148 0.0197917 0.0518519
2 18 0.232812 0.482407 0.0302083 0.0240741
2 19 0.273958 0.4375 0.0364583 0.0287037
2 20 0.335677 0.493519 0.0328125 0.0314815
2 21 0.306771 0.546759 0.0333333 0.0398148
2 22 0.219792 0.240278 0.0375 0.0305556
2 23 0.09375 0.268519 0.0322917 0.0314815
2 24 0.580729 0.524537 0.034375 0.0324074
2 25 0.652083 0.500463 0.0322917 0.0324074
2 26 0.707812 0.481481 0.0302083 0.0296296
2 27 0.863542 0.485185 0.034375 0.0277778
2 28 0.877083 0.566667 0.0364583 0.0277778
2 29 0.979427 0.530093 0.0244792 0.0268519
2 31 0.141146 0.836574 0.021875 0.0564815
2 32 0.216927 0.610648 0.0338542 0.0305556
5 1 0.667708 0.438889 0.0708333 0.0407407
5 2 0.371354 0.682407 0.0302083 0.105556
7 0 0.821615 0.31713 0.0401042 0.0305556
7 1 0.527083 0.293519 0.034375 0.0314815
2 33 0.163021 0.428704 0.034375 0.0314815
2 34 0.110677 0.487963 0.0328125 0.0277778
2 35 0.11901 0.456481 0.0359375 0.0296296
2 36 0.0197917 0.518056 0.0333333 0.0268519
2 40 0.263281 0.615741 0.0317708 0.0296296
