2 0 0.80026 0.248611 0.0369792 0.0287037
2 1 0.658333 0.234722 0.034375 0.0268519
2 2 0.744531 0.275 0.0317708 0.0277778
2 3 0.65625 0.268981 0.0364583 0.0305556
2 4 0.811719 0.282407 0.0328125 0.0314815
2 5 0.88099 0.225 0.0328125 0.0259259
2 6 0.746615 0.306019 0.0359375 0.0287037
2 7 0.545313 0.227315 0.034375 0.0287037
2 8 0.417188 0.252778 0.0333333 0.0296296
2 9 0.27526 0.204167 0.0359375 0.0305556
2 10 0.308594 0.27963 0.0276042 0.0296296
2 11 0.391927 0.283333 0.0328125 0.0296296
2 12 0.128646 0.201389 0.0375 0.0324074
2 13 0.371615 0.0930556 0.0192708 0.0546296
2 14 0.386719 0.0481481 0.0161458 0.0537037
2 15 0.368229 0.0356481 0.01875 0.0472222
2 18 0.190365 0.471759 0.0296875 0.025
2 19 0.231771 0.431019 0.0354167 0.0287037
2 20 0.284896 0.489352 0.0333333 0.0305556
2 21 0.291146 0.535648 0.034375 0.037963
2 22 0.249219 0.2375 0.0369792 0.0305556
2 23 0.125781 0.266204 0.0317708 0.0305556
2 24 0.54349 0.517593 0.0348958 0.0333333
2 25 0.607552 0.493519 0.0328125 0.0333333
2 26 0.666406 0.474074 0.0307292 0.0296296
2 27 0.820833 0.478241 0.0333333 0.0287037
2 28 0.834375 0.560648 0.0364583 0.0287037
2 29 0.933073 0.519907 0.0265625 0.0268519
2 30 0.971615 0.497222 0.0213542 0.0240741
2 31 0.141406 0.831019 0.0213542 0.0564815
2 32 0.216667 0.605093 0.0333333 0.0305556
5 1 0.63724 0.431481 0.0703125 0.0407407
5 2 0.371094 0.676852 0.0296875 0.105556
7 0 0.849479 0.315278 0.040625 0.0305556
7 1 0.557552 0.293519 0.0348958 0.0314815
2 33 0.121354 0.422685 0.034375 0.0324074
2 34 0.075 0.481944 0.0322917 0.0287037
2 35 0.0742188 0.450463 0.0359375 0.0305556
2 40 0.263021 0.610185 0.03125 0.0296296
