2 0 0.736719 0.250463 0.0359375 0.0287037
2 1 0.588021 0.237963 0.0333333 0.0277778
2 2 0.678906 0.278241 0.0328125 0.0287037
2 3 0.591406 0.272685 0.0359375 0.0305556
2 4 0.745573 0.2875 0.0317708 0.0324074
2 5 0.820052 0.226389 0.0369792 0.025
2 6 0.684115 0.309722 0.0348958 0.0287037
2 7 0.478906 0.230556 0.0338542 0.0296296
2 8 0.354688 0.255556 0.0322917 0.0314815
2 9 0.203906 0.210185 0.0369792 0.0296296
2 10 0.240104 0.284722 0.028125 0.0287037
2 11 0.325521 0.287037 0.0322917 0.0314815
2 12 0.0510417 0.203704 0.0385417 0.0296296
2 13 0.372396 0.104167 0.01875 0.0527778
2 14 0.38776 0.0606481 0.0161458 0.0546296
2 15 0.370052 0.0449074 0.0203125 0.0564815
2 18 0.283333 0.494907 0.0302083 0.0231481
2 19 0.324219 0.445833 0.0369792 0.0287037
2 20 0.396615 0.498148 0.0328125 0.0314815
2 21 0.325781 0.559259 0.0328125 0.0425926
2 22 0.184115 0.243056 0.0380208 0.0305556
2 23 0.0554687 0.271759 0.0328125 0.0324074
2 24 0.62474 0.53287 0.0338542 0.0324074
2 25 0.704948 0.510648 0.0317708 0.0324074
2 26 0.757552 0.489815 0.0296875 0.0296296
2 27 0.914583 0.493056 0.0354167 0.0268519
2 28 0.928646 0.574537 0.0364583 0.0268519
2 31 0.140885 0.843056 0.0223958 0.0564815
2 32 0.216667 0.616667 0.034375 0.0296296
5 1 0.704427 0.448148 0.0723958 0.0407407
5 2 0.371615 0.688889 0.0307292 0.105556
7 0 0.788802 0.32037 0.0401042 0.0314815
7 1 0.490365 0.294444 0.0338542 0.0314815
2 33 0.213281 0.436574 0.0338542 0.0305556
2 34 0.153125 0.496296 0.0333333 0.0277778
2 35 0.173958 0.464815 0.0364583 0.0296296
2 36 0.0588542 0.525 0.0333333 0.0314815
2 37 0.0463542 0.443519 0.0333333 0.0296296
7 2 0.0393229 0.489352 0.0369792 0.0287037
2 38 0.955469 0.330093 0.0307292 0.0268519
2 39 0.985156 0.300926 0.0223958 0.0259259
2 40 0.264062 0.621296 0.0322917 0.0296296
