2 0 0.874219 0.239815 0.0380208 0.0277778
2 1 0.733594 0.228241 0.0359375 0.0268519
2 2 0.817448 0.267593 0.0307292 0.0277778
2 3 0.727083 0.2625 0.0364583 0.0305556
2 4 0.890885 0.275 0.0338542 0.0296296
2 5 0.947135 0.213426 0.0276042 0.0268519
2 6 0.813802 0.294907 0.0369792 0.0287037
2 7 0.619271 0.218519 0.034375 0.0277778
2 8 0.483594 0.243056 0.0348958 0.0287037
2 9 0.353385 0.198148 0.0348958 0.0314815
2 10 0.379948 0.26713 0.0276042 0.0305556
2 11 0.463802 0.273611 0.0328125 0.0268519
2 12 0.213021 0.195833 0.0354167 0.0342593
2 13 0.370833 0.0800926 0.0197917 0.0564815
2 14 0.385677 0.0356481 0.0161458 0.0527778
2 15 0.366927 0.025 0.0171875 0.037037
2 18 0.0893229 0.443056 0.0296875 0.0268519
2 19 0.13099 0.410648 0.0338542 0.0287037
2 20 0.169792 0.471759 0.0333333 0.0305556
2 21 0.23776 0.513426 0.0359375 0.0324074
2 22 0.320573 0.230556 0.0359375 0.0314815
2 23 0.203125 0.257407 0.03125 0.0296296
2 24 0.454688 0.498148 0.0354167 0.0333333
2 25 0.501562 0.471296 0.034375 0.0333333
2 26 0.566667 0.450463 0.03125 0.0287037
2 27 0.719271 0.457407 0.03125 0.0314815
2 28 0.727865 0.533796 0.0369792 0.0305556
2 29 0.821354 0.497222 0.03125 0.0277778
2 30 0.876302 0.473611 0.0244792 0.0268519
2 31 0.141406 0.81713 0.0203125 0.0564815
2 32 0.216667 0.591667 0.0322917 0.0314815
5 0 0.93099 0.436574 0.0557292 0.0416667
5 1 0.564062 0.413426 0.0677083 0.0416667
5 2 0.370573 0.664352 0.0286458 0.106481
7 0 0.916146 0.30787 0.040625 0.0287037
7 1 0.63151 0.281481 0.0359375 0.0314815
2 33 0.0205729 0.406944 0.0348958 0.0342593
2 40 0.261979 0.599074 0.0302083 0.0296296
