2 0 0.896875 0.237037 0.0385417 0.0277778
2 1 0.75625 0.223148 0.0364583 0.0259259
2 2 0.840885 0.262963 0.0307292 0.0277778
2 3 0.748958 0.25787 0.0364583 0.0305556
2 4 0.916927 0.271296 0.0338542 0.0296296
2 5 0.967188 0.209722 0.0260417 0.0268519
2 6 0.833594 0.290278 0.0369792 0.0287037
2 7 0.642708 0.213426 0.034375 0.0268519
2 8 0.504167 0.239352 0.0354167 0.0287037
2 9 0.377083 0.195833 0.034375 0.0324074
2 10 0.401302 0.2625 0.0276042 0.0305556
2 11 0.486198 0.27037 0.0328125 0.0259259
2 12 0.238802 0.189815 0.0348958 0.0351852
2 13 0.370833 0.0763889 0.0197917 0.0564815
2 14 0.385677 0.0319444 0.0161458 0.0527778
2 15 0.366146 0.0222222 0.0166667 0.0333333
2 16 0.0161458 0.140278 0.025 0.0305556
2 18 0.0585938 0.431944 0.0296875 0.0268519
2 19 0.100781 0.402315 0.0338542 0.0287037
2 20 0.136458 0.463889 0.0333333 0.0296296
2 21 0.220833 0.506481 0.0364583 0.0314815
2 22 0.342448 0.228704 0.0359375 0.0314815
2 23 0.226302 0.251389 0.0307292 0.0287037
2 24 0.427344 0.490278 0.0359375 0.0342593
2 25 0.468229 0.462037 0.034375 0.0333333
2 26 0.536458 0.443056 0.03125 0.0287037
2 27 0.688281 0.449537 0.0307292 0.0324074
2 28 0.694531 0.525463 0.0369792 0.0305556
2 29 0.786979 0.491204 0.0322917 0.0287037
2 30 0.847396 0.466204 0.025 0.0268519
2 31 0.141927 0.813426 0.0203125 0.0564815
2 32 0.217187 0.588426 0.0322917 0.0324074
5 0 0.910417 0.431481 0.065625 0.0407407
5 1 0.541146 0.40787 0.0666667 0.0416667
5 2 0.370573 0.659722 0.0286458 0.106481
7 0 0.935938 0.301852 0.040625 0.0277778
7 1 0.654427 0.278704 0.0359375 0.0314815
2 40 0.261458 0.59537 0.0302083 0.0296296
