2 0 0.816406 0.247685 0.0369792 0.0287037
2 1 0.67526 0.233796 0.0348958 0.0268519
2 2 0.760677 0.274074 0.0317708 0.0277778
2 3 0.671875 0.268056 0.0364583 0.0305556
2 4 0.827604 0.281019 0.0333333 0.0305556
2 5 0.895312 0.223148 0.03125 0.0259259
2 6 0.761719 0.305093 0.0359375 0.0287037
2 7 0.561458 0.225926 0.034375 0.0277778
2 8 0.432552 0.251852 0.0338542 0.0296296
2 9 0.292969 0.203704 0.0359375 0.0314815
2 10 0.32526 0.278704 0.0276042 0.0296296
2 11 0.407552 0.281944 0.0328125 0.0287037
2 12 0.147656 0.200463 0.0369792 0.0324074
2 13 0.371615 0.0907407 0.0192708 0.0555556
2 14 0.386719 0.0462963 0.0161458 0.0537037
2 15 0.368229 0.0337963 0.01875 0.0453704
2 18 0.167969 0.466204 0.0296875 0.025
2 19 0.209375 0.427315 0.0354167 0.0287037
2 20 0.257813 0.4875 0.0333333 0.0305556
2 21 0.28125 0.530556 0.034375 0.037037
2 22 0.265365 0.236111 0.0369792 0.0314815
2 23 0.142969 0.265278 0.0317708 0.0305556
2 24 0.523698 0.513889 0.0348958 0.0333333
2 25 0.584375 0.488889 0.0333333 0.0333333
2 26 0.64401 0.47037 0.0307292 0.0296296
2 27 0.798177 0.475 0.0328125 0.0296296
2 28 0.811458 0.556019 0.0364583 0.0287037
2 29 0.908073 0.515741 0.0276042 0.0277778
2 30 0.950521 0.49213 0.021875 0.025
2 31 0.141406 0.828241 0.0213542 0.0564815
2 32 0.217187 0.602778 0.0333333 0.0314815
5 1 0.621354 0.428241 0.0697917 0.0416667
5 2 0.371094 0.674537 0.0296875 0.106481
7 0 0.864583 0.313889 0.040625 0.0296296
7 1 0.573698 0.290741 0.0348958 0.0314815
2 33 0.0989583 0.418981 0.034375 0.0324074
2 34 0.05625 0.478241 0.0322917 0.0287037
2 35 0.0494792 0.446759 0.0354167 0.0305556
2 40 0.263021 0.608333 0.03125 0.0296296
