2 0 0.861719 0.24213 0.0380208 0.0287037
2 1 0.721354 0.230093 0.0354167 0.0268519
2 2 0.805208 0.269444 0.03125 0.0277778
2 3 0.715104 0.264352 0.0364583 0.0305556
2 4 0.876302 0.275926 0.0338542 0.0296296
2 5 0.936198 0.215741 0.0286458 0.0259259
2 6 0.802083 0.296759 0.0364583 0.0287037
2 7 0.606771 0.22037 0.034375 0.0277778
2 8 0.473177 0.24537 0.0348958 0.0296296
2 9 0.340365 0.199074 0.0348958 0.0314815
2 10 0.367969 0.269444 0.0276042 0.0296296
2 11 0.451823 0.275463 0.0328125 0.0268519
2 12 0.199219 0.199537 0.0359375 0.0342593
2 13 0.371094 0.0819444 0.0192708 0.0564815
2 14 0.386198 0.037963 0.0161458 0.0537037
2 15 0.367188 0.0268519 0.0177083 0.0388889
2 18 0.10599 0.448611 0.0296875 0.0268519
2 19 0.147917 0.415278 0.034375 0.0287037
2 20 0.1875 0.476389 0.0333333 0.0305556
2 21 0.247396 0.516667 0.0354167 0.0333333
2 22 0.308854 0.232407 0.0364583 0.0314815
2 23 0.190104 0.260185 0.03125 0.0296296
2 24 0.469271 0.502778 0.0354167 0.0333333
2 25 0.51901 0.475926 0.0338542 0.0333333
2 26 0.583073 0.455556 0.0307292 0.0296296
2 27 0.736198 0.461111 0.0317708 0.0314815
2 28 0.745313 0.538889 0.0364583 0.0296296
2 29 0.839583 0.500926 0.0302083 0.0277778
2 30 0.892187 0.477778 0.0239583 0.0259259
2 31 0.141667 0.818981 0.0208333 0.0564815
2 32 0.216667 0.593518 0.0322917 0.0314815
5 0 0.942187 0.438426 0.05 0.0416667
5 1 0.576302 0.416204 0.0682292 0.0416667
5 2 0.370573 0.666204 0.0286458 0.106481
7 0 0.905208 0.310648 0.040625 0.0287037
7 1 0.619531 0.283333 0.0359375 0.0314815
2 33 0.0377604 0.409722 0.0348958 0.0342593
2 40 0.261979 0.600926 0.0302083 0.0296296
