2 0 0.847396 0.243981 0.0375 0.0287037
2 1 0.707292 0.231944 0.0354167 0.0268519
2 2 0.790625 0.272222 0.03125 0.0277778
2 3 0.701042 0.266204 0.0364583 0.0305556
2 4 0.859375 0.279167 0.0333333 0.0305556
2 5 0.922917 0.217593 0.0291667 0.0259259
2 6 0.789583 0.299537 0.0364583 0.0287037
2 7 0.592188 0.223148 0.034375 0.0277778
2 8 0.459896 0.248148 0.034375 0.0296296
2 9 0.32474 0.2 0.0348958 0.0314815
2 10 0.354427 0.272222 0.0276042 0.0296296
2 11 0.43776 0.277778 0.0328125 0.0277778
2 12 0.182812 0.2 0.0364583 0.0333333
2 13 0.371094 0.0842593 0.0192708 0.0555556
2 14 0.386198 0.0407407 0.0161458 0.0537037
2 15 0.367188 0.0287037 0.0177083 0.0407407
2 18 0.125781 0.45463 0.0296875 0.0259259
2 19 0.167187 0.419907 0.034375 0.0287037
2 20 0.208854 0.481019 0.0333333 0.0305556
2 21 0.258333 0.520833 0.0354167 0.0342593
2 22 0.294792 0.233333 0.0364583 0.0314815
2 23 0.175 0.262037 0.03125 0.0296296
2 24 0.486979 0.507407 0.0354167 0.0333333
2 25 0.540365 0.481481 0.0338542 0.0333333
2 26 0.602344 0.460185 0.0307292 0.0296296
2 27 0.755729 0.465278 0.0322917 0.0305556
2 28 0.766667 0.544444 0.0364583 0.0296296
2 29 0.861719 0.505556 0.0296875 0.0277778
2 30 0.910677 0.482407 0.0234375 0.0259259
2 31 0.141667 0.821759 0.0208333 0.0564815
2 32 0.216927 0.596296 0.0328125 0.0314815
5 0 0.955469 0.441204 0.0432292 0.0416667
5 1 0.590625 0.419907 0.06875 0.0416667
5 2 0.370833 0.668981 0.0291667 0.106481
7 0 0.892187 0.311574 0.040625 0.0287037
7 1 0.604688 0.286111 0.0354167 0.0314815
2 33 0.0570313 0.412037 0.0348958 0.0333333
2 34 0.0205729 0.471759 0.0317708 0.0287037
2 40 0.26224 0.602778 0.0307292 0.0296296
