2 0 0.730729 0.250463 0.0354167 0.0287037
2 1 0.58151 0.237963 0.0328125 0.0277778
2 2 0.672917 0.278241 0.0333333 0.0287037
2 3 0.585677 0.272685 0.0359375 0.0305556
2 4 0.739844 0.2875 0.0317708 0.0324074
2 5 0.814583 0.227315 0.0375 0.025
2 6 0.678646 0.309722 0.034375 0.0287037
2 7 0.472656 0.230556 0.0338542 0.0296296
2 8 0.349219 0.256481 0.0317708 0.0314815
2 9 0.197396 0.211111 0.0375 0.0296296
2 10 0.233854 0.284722 0.028125 0.0287037
2 11 0.319271 0.2875 0.0322917 0.0324074
2 12 0.0440104 0.203704 0.0390625 0.0296296
2 13 0.372917 0.106019 0.01875 0.0527778
2 14 0.388281 0.0615741 0.0161458 0.0546296
2 15 0.370052 0.0453704 0.0203125 0.0574074
2 18 0.292188 0.496759 0.0302083 0.0231481
2 19 0.332552 0.447685 0.0369792 0.0287037
2 20 0.40651 0.498148 0.0328125 0.0314815
2 21 0.328906 0.561111 0.0328125 0.0425926
2 22 0.178646 0.243981 0.0385417 0.0305556
2 23 0.0492188 0.272685 0.0328125 0.0324074
2 24 0.632031 0.534722 0.0338542 0.0324074
2 25 0.713542 0.5125 0.03125 0.0324074
2 26 0.765885 0.490741 0.0296875 0.0296296
2 27 0.922917 0.494444 0.0354167 0.0259259
2 28 0.936979 0.576389 0.0364583 0.0268519
2 31 0.141146 0.844907 0.0229167 0.0564815
2 32 0.216667 0.618519 0.034375 0.0296296
5 1 0.710677 0.45 0.0723958 0.0407407
5 2 0.371615 0.690741 0.0307292 0.105556
7 0 0.783073 0.320833 0.0401042 0.0324074
7 1 0.484115 0.294444 0.0338542 0.0314815
2 33 0.221615 0.437963 0.0338542 0.0296296
2 34 0.160677 0.497222 0.0338542 0.0277778
2 35 0.182812 0.466667 0.0364583 0.0296296
2 36 0.0651042 0.526389 0.0333333 0.0324074
2 37 0.0533854 0.444907 0.0338542 0.0287037
7 2 0.046875 0.490278 0.0375 0.0287037
2 38 0.949219 0.32963 0.0307292 0.0259259
2 39 0.979688 0.300463 0.025 0.0268519
2 40 0.264062 0.622222 0.0322917 0.0296296
