2 0 0.763542 0.249537 0.0364583 0.0287037
2 1 0.617969 0.237037 0.0338542 0.0277778
2 2 0.707031 0.277315 0.0328125 0.0287037
2 3 0.61849 0.270833 0.0359375 0.0305556
2 4 0.773438 0.285185 0.0322917 0.0314815
2 5 0.845573 0.225463 0.0348958 0.025
2 6 0.710677 0.30787 0.0348958 0.0287037
2 7 0.507031 0.229167 0.0338542 0.0287037
2 8 0.38151 0.254167 0.0328125 0.0305556
2 9 0.233854 0.20787 0.0364583 0.0305556
2 10 0.269271 0.281944 0.028125 0.0287037
2 11 0.353646 0.285648 0.0322917 0.0305556
2 12 0.0841146 0.202315 0.0380208 0.0305556
2 13 0.372396 0.1 0.01875 0.0537037
2 14 0.38776 0.0550926 0.0161458 0.0546296
2 15 0.369271 0.0412037 0.0197917 0.0527778
2 18 0.244271 0.485185 0.0302083 0.0240741
2 19 0.284896 0.439352 0.0364583 0.0287037
2 20 0.349219 0.494444 0.0328125 0.0314815
2 21 0.310937 0.549074 0.0333333 0.0407407
2 22 0.21224 0.240278 0.0380208 0.0305556
2 23 0.0854167 0.269444 0.0322917 0.0314815
2 24 0.590625 0.526389 0.034375 0.0324074
2 25 0.663542 0.503241 0.0322917 0.0324074
2 26 0.71875 0.483333 0.0302083 0.0296296
2 27 0.874479 0.487037 0.034375 0.0277778
2 28 0.888542 0.568519 0.0364583 0.0277778
2 31 0.141406 0.838426 0.0223958 0.0564815
2 32 0.216927 0.6125 0.0338542 0.0305556
5 1 0.675781 0.440741 0.0713542 0.0407407
5 2 0.371354 0.684259 0.0302083 0.105556
7 0 0.814323 0.318519 0.0401042 0.0314815
7 1 0.51875 0.293519 0.034375 0.0314815
2 33 0.174479 0.430093 0.034375 0.0305556
2 34 0.120312 0.489815 0.0333333 0.0277778
2 35 0.13151 0.458333 0.0359375 0.0296296
2 36 0.0286458 0.519444 0.0333333 0.0277778
2 40 0.263281 0.616667 0.0317708 0.0296296
