2 0 0.830729 0.245833 0.0375 0.0287037
2 1 0.690365 0.23287 0.0348958 0.0268519
2 2 0.77474 0.273148 0.0317708 0.0277778
2 3 0.685417 0.26713 0.0364583 0.0305556
2 4 0.841667 0.280093 0.0333333 0.0305556
2 5 0.908594 0.221296 0.0307292 0.0259259
2 6 0.77474 0.302315 0.0359375 0.0287037
2 7 0.576042 0.225 0.034375 0.0277778
2 8 0.445052 0.250926 0.0338542 0.0296296
2 9 0.307813 0.201852 0.0354167 0.0314815
2 10 0.338802 0.275926 0.0276042 0.0296296
2 11 0.421615 0.281019 0.0328125 0.0287037
2 12 0.164063 0.200926 0.0364583 0.0333333
2 13 0.371615 0.087963 0.0192708 0.0555556
2 14 0.386719 0.0435185 0.0161458 0.0537037
2 15 0.367969 0.0305556 0.0182292 0.0425926
2 18 0.148698 0.461111 0.0296875 0.0259259
2 19 0.189844 0.423611 0.0348958 0.0287037
2 20 0.234375 0.485648 0.0333333 0.0305556
2 21 0.270573 0.525926 0.0348958 0.0351852
2 22 0.279427 0.235185 0.0369792 0.0314815
2 23 0.158073 0.263426 0.0317708 0.0305556
2 24 0.50651 0.511111 0.0348958 0.0333333
2 25 0.563542 0.485185 0.0333333 0.0333333
2 26 0.62474 0.465741 0.0307292 0.0296296
2 27 0.778125 0.47037 0.0322917 0.0296296
2 28 0.790625 0.550463 0.0364583 0.0287037
2 29 0.886198 0.511111 0.0286458 0.0277778
2 30 0.932031 0.4875 0.0223958 0.025
2 31 0.141406 0.825463 0.0213542 0.0564815
2 32 0.216927 0.6 0.0328125 0.0314815
5 0 0.970573 0.444444 0.0359375 0.0425926
5 1 0.607031 0.424537 0.0692708 0.0416667
5 2 0.370833 0.671759 0.0291667 0.106481
7 0 0.877604 0.312963 0.040625 0.0296296
7 1 0.588542 0.288889 0.0354167 0.0314815
2 33 0.0791667 0.415741 0.034375 0.0333333
2 34 0.0395833 0.475463 0.0322917 0.0287037
2 35 0.0286458 0.443056 0.0354167 0.0305556
2 40 0.26224 0.605556 0.0307292 0.0296296
